time d2 
0.0 1.0 
0.10000006150197668 0.9996072727272728 
0.20000012300395337 0.9992145454545452 
0.29999987699604663 0.9988227272727273 
0.3999999384980233 0.9984299999999999 
0.5 0.9980381818181817 
0.6000000615019767 0.9976454545454545 
0.7000001230039533 0.9972527272727272 
0.80000018450593 0.996860909090909 
0.9000002460079067 0.9964681818181816 
1.0 0.9960763636363636 
1.1000000615019767 0.9956836363636362 
1.2000001230039534 0.9952918181818181 
1.3000001845059301 0.9948990909090909 
1.4000002460079066 0.9945063636363636 
1.5000003075098836 0.9941145454545454 
1.60000036901186 0.9937218181818182 
1.700000430513837 0.9933299999999998 
1.8000004920158135 0.9929372727272726 
1.90000055351779 0.9925454545454545 
2.0000006150197667 0.9921527272727271 
2.100000676521743 0.9917599999999999 
2.20000073802372 0.9913681818181818 
2.3000007995256966 0.9909754545454545 
2.4000008610276735 0.9905827272727272 
2.500000615019767 0.990190909090909 
2.6000003690118603 0.9897981818181818 
2.700000430513837 0.9894063636363635 
2.8000001845059304 0.9890136363636363 
2.900000246007907 0.988621818181818 
3.0 0.9882290909090907 
3.099999753992093 0.9878363636363635 
3.19999981549407 0.9874445454545454 
3.2999995694861632 0.9870518181818182 
3.39999963098814 0.98666 
3.4999993849802333 0.9862672727272727 
3.5999994464822103 0.9858754545454544 
3.6999992004743034 0.9854827272727271 
3.79999926197628 0.9850899999999999 
3.899999015968373 0.9846981818181817 
3.99999907747035 0.9843054545454544 
4.099998831462443 0.9839136363636364 
4.199998585454536 0.9835209090909091 
4.299998646956513 0.9831281818181818 
4.399998400948606 0.9827363636363636 
4.499998462450583 0.9823436363636363 
4.5999982164426765 0.9819518181818181 
4.699998277944653 0.9815590909090908 
4.799998031936746 0.9811663636363636 
4.8999980934387235 0.9807745454545453 
4.999998154940699 0.9803827272727272 
5.0999982164426765 0.97999 
5.199998277944653 0.9795972727272727 
5.299998646956513 0.9792054545454545 
5.399999015968373 0.9788127272727273 
5.499999384980233 0.978420909090909 
5.5999991389723265 0.9780281818181817 
5.699999507984186 0.9776363636363635 
5.799999876996047 0.9772436363636362 
5.89999963098814 0.976850909090909 
6.0 0.9764590909090909 
6.10000036901186 0.9760663636363637 
6.200000123003954 0.9756745454545453 
6.300000492015814 0.9752818181818181 
6.4000008610276735 0.9748899999999999 
6.500001230039534 0.9744972727272726 
6.6000009840316265 0.9741045454545454 
6.700001353043486 0.9737127272727272 
6.800001722055348 0.9733199999999999 
6.90000147604744 0.9729281818181819 
7.0000018450593 0.9725354545454545 
7.10000221407116 0.9721427272727271 
7.200001968063254 0.971750909090909 
7.300002337075114 0.9713581818181818 
7.4000027060869735 0.9709663636363636 
7.500003075098833 0.9705736363636362 
7.600002829090927 0.970181818181818 
7.700003198102787 0.9697890909090908 
7.800003567114647 0.9693963636363635 
7.900003321106741 0.9690036363636363 
8.000003690118602 0.968611818181818 
8.10000405913046 0.9682190909090908 
8.200003813122553 0.9678272727272726 
8.300004182134414 0.9674345454545454 
8.400004551146274 0.9670418181818182 
8.500004920158135 0.9666490909090909 
8.600004674150227 0.9662572727272727 
8.700005043162086 0.9658645454545454 
8.800005412173947 0.9654727272727271 
8.900005166166041 0.9650799999999999 
9.0000055351779 0.9646872727272726 
9.10000590418976 0.9642954545454544 
9.200006273201621 0.9639027272727271 
9.300006027193714 0.9635099999999999 
9.400006396205574 0.9631181818181819 
9.500006765217435 0.9627254545454546 
9.600006519209527 0.9623336363636363 
9.700006888221388 0.961940909090909 
9.800007257233247 0.9615490909090908 
9.900007011225341 0.9611563636363636 
10.000006765217435 0.9607645454545453 
10.100006519209527 0.960371818181818 
10.20000627320162 0.9599790909090907 
10.300005412173947 0.9595872727272727 
10.400005166166041 0.9591945454545455 
10.500004920158133 0.958801818181818 
10.600004674150227 0.95841 
10.700004428142321 0.9580172727272727 
10.800004182134414 0.9576254545454544 
10.900002706086974 0.9572327272727272 
11.000002460079068 0.9568409090909089 
11.100002214071159 0.9564481818181817 
11.200001968063253 0.9560554545454544 
11.300001722055347 0.9556627272727272 
11.400001476047441 0.955270909090909 
11.500001230039535 0.9548781818181816 
11.600000984031627 0.9544854545454544 
11.699999507984186 0.9540936363636363 
11.79999926197628 0.9537009090909091 
11.899999015968374 0.9533090909090909 
11.999998769960467 0.9529163636363636 
12.099998523952559 0.9525236363636364 
12.199998277944653 0.952131818181818 
12.299998031936747 0.9517390909090908 
12.399997785928841 0.9513463636363636 
12.4999963098814 0.9509545454545453 
12.599996063873494 0.9505618181818181 
12.699995817865586 0.95017 
12.79999557185768 0.9497772727272727 
12.899995325849773 0.9493845454545453 
12.999995079841867 0.9489927272727272 
13.099994833833959 0.9486 
13.199994587826053 0.9482072727272727 
13.299993111778612 0.9478154545454545 
13.399992865770706 0.9474227272727272 
13.4999926197628 0.9470309090909089 
13.599992373754894 0.9466381818181817 
13.699992127746986 0.9462454545454544 
13.799991881739079 0.9458536363636362 
13.899991635731173 0.945460909090909 
13.999991389723267 0.9450690909090909 
14.099989913675826 0.9446763636363636 
14.199989667667918 0.9442836363636363 
14.299989421660012 0.9438918181818181 
14.399989175652106 0.9434990909090909 
14.4999889296442 0.9431063636363636 
14.599988683636294 0.9427145454545454 
14.699988437628384 0.942321818181818 
14.799988191620479 0.9419299999999998 
14.89998671557304 0.9415372727272726 
14.999986469565131 0.9411445454545453 
15.099986223557226 0.9407527272727273 
15.199985977549318 0.94036 
15.299985731541412 0.9399681818181818 
15.399985485533506 0.9395754545454545 
15.4999852395256 0.9391827272727272 
15.59998499351769 0.938790909090909 
15.699983517470253 0.9383981818181817 
15.799983271462345 0.9380063636363635 
15.899983025454437 0.9376136363636363 
15.999982779446531 0.9372209090909089 
16.099982533438624 0.936829090909091 
16.199982287430718 0.9364363636363636 
16.299982041422812 0.9360436363636362 
16.399981795414906 0.9356518181818182 
16.499980319367467 0.9352590909090909 
16.599980073359557 0.9348672727272727 
16.69997982735165 0.9344745454545453 
16.799979581343745 0.9340827272727271 
16.89997933533584 0.9336899999999999 
16.99997908932793 0.9332972727272726 
17.099978843320024 0.9329054545454546 
17.199978597312118 0.9325127272727272 
17.29997712126468 0.9321209090909091 
17.399976875256773 0.9317281818181818 
17.499976629248867 0.9313354545454545 
17.599976383240957 0.9309436363636363 
17.69997613723305 0.930550909090909 
17.799975891225145 0.9301581818181818 
17.89997564521724 0.9297663636363636 
17.99997539920933 0.9293736363636362 
18.09997392316189 0.928981818181818 
18.199973677153984 0.9285890909090908 
18.29997343114608 0.9281972727272727 
18.399973185138172 0.9278045454545455 
18.499972939130267 0.9274118181818182 
18.599972693122357 0.92702 
18.69997244711445 0.9266272727272726 
18.799972201106545 0.9262354545454544 
18.899970725059102 0.9258427272727272 
18.999970479051196 0.9254509090909089 
19.09997023304329 0.9250581818181817 
19.199969987035384 0.9246663636363637 
19.29996974102748 0.9242736363636364 
19.399969495019572 0.9238818181818181 
19.499969249011663 0.9234890909090908 
19.599969003003757 0.9230972727272726 
19.69996875699585 0.9227045454545454 
19.799969741027475 0.9223127272727271 
19.899970725059106 0.9219199999999999 
19.99997170909073 0.9215272727272725 
20.099972693122357 0.9211354545454545 
20.199973677153984 0.9207427272727273 
20.29997343114608 0.920350909090909 
20.399974415177702 0.9199581818181818 
20.499975399209333 0.9195654545454545 
20.599976383240957 0.9191736363636362 
20.69997613723305 0.918780909090909 
20.799978351304212 0.9183890909090907 
20.899978105296306 0.9179963636363635 
20.999980319367467 0.9176036363636362 
21.09998007335956 0.9172118181818182 
21.19997982735165 0.91682 
21.299982041422812 0.9164272727272726 
21.399981795414906 0.9160345454545454 
21.499984009486063 0.9156427272727272 
21.599983763478157 0.9152499999999999 
21.69998351747025 0.9148581818181817 
21.799985731541412 0.9144654545454544 
21.899985485533502 0.9140727272727271 
21.999987699604667 0.913680909090909 
22.09998745359676 0.9132881818181818 
22.19998966766792 0.9128963636363636 
22.299989421660012 0.9125036363636363 
22.399989175652106 0.9121109090909091 
22.499991389723267 0.9117181818181818 
22.59999114371536 0.9113263636363635 
22.699993357786518 0.9109336363636363 
22.799993111778612 0.910541818181818 
22.899992865770706 0.91015 
22.999995079841863 0.9097572727272727 
23.099994833833957 0.9093645454545455 
23.19999704790512 0.9089727272727273 
23.299996801897215 0.9085799999999999 
23.399999015968373 0.9081881818181817 
23.499998769960467 0.9077954545454545 
23.59999852395256 0.9074036363636363 
23.70000073802372 0.9070109090909091 
23.800000492015815 0.9066181818181818 
23.900002706086973 0.9062263636363636 
24.000002460079067 0.9058336363636363 
24.10000221407116 0.905440909090909 
24.20000442814232 0.9050490909090909 
24.300004182134412 0.9046572727272726 
24.400006396205576 0.9042645454545454 
24.50000615019767 0.9038718181818182 
24.600005904189764 0.90348 
24.70000811826092 0.9030872727272726 
24.800007872253016 0.9026954545454544 
24.900010086324173 0.9023027272727272 
25.000009840316267 0.9019109090909091 
25.100012054387427 0.9015181818181818 
25.20001180837952 0.9011254545454545 
25.300011562371616 0.9007336363636362 
25.400013776442776 0.900340909090909 
25.500013530434867 0.8999490909090909 
25.60001574450603 0.8995563636363635 
25.700015498498125 0.8991645454545454 
25.800015252490216 0.8987718181818181 
25.900017466561376 0.8983790909090908 
26.00001722055347 0.8979863636363636 
26.100019434624627 0.8975945454545453 
26.20001918861672 0.8972027272727272 
26.300021402687882 0.8968099999999999 
26.400021156679976 0.8964172727272727 
26.500020910672067 0.8960254545454545 
26.60002312474323 0.8956327272727271 
26.700022878735325 0.895240909090909 
26.800025092806482 0.8948481818181817 
26.900024846798576 0.8944554545454545 
27.00002460079067 0.8940636363636363 
27.10002681486183 0.893670909090909 
27.200026568853925 0.8932790909090909 
27.300028782925082 0.8928863636363635 
27.400028536917176 0.8924945454545453 
27.50002829090927 0.8921018181818181 
27.600030504980428 0.8917099999999999 
27.70003025897252 0.8913172727272727 
27.800032473043686 0.8909254545454545 
27.90003222703578 0.8905327272727271 
28.000034441106937 0.890140909090909 
28.10003419509903 0.8897481818181817 
28.200033949091125 0.8893563636363636 
28.300036163162286 0.8889636363636363 
28.400035917154376 0.888570909090909 
28.500038131225537 0.8881790909090909 
28.60003788521763 0.8877863636363635 
28.700037639209725 0.8873945454545453 
28.800039853280882 0.8870018181818181 
28.900039607272976 0.8866090909090908 
29.00004182134414 0.8862172727272727 
29.100041575336235 0.8858245454545454 
29.200043789407392 0.8854327272727271 
29.300043543399486 0.8850399999999999 
29.40004329739158 0.8846481818181817 
29.500045511462737 0.8842554545454545 
29.60004526545483 0.8838636363636363 
29.700047479525992 0.883470909090909 
29.800047233518086 0.8830781818181818 
29.90004698751018 0.8826863636363635 
30.00004920158134 0.8822936363636363 
30.10004895557343 0.8819018181818181 
30.200051169644595 0.8815090909090908 
30.30005092363669 0.8811172727272727 
30.40005067762878 0.8807245454545454 
30.50005289169994 0.8803327272727272 
30.600052645692035 0.8799399999999999 
30.700054859763192 0.8795481818181817 
30.800054613755286 0.8791554545454545 
30.900056827826447 0.8787636363636363 
31.000056581818537 0.878370909090909 
31.10005633581063 0.8779781818181818 
31.200058549881795 0.8775863636363636 
31.300058303873886 0.8771936363636363 
31.400060517945047 0.876801818181818 
31.50006027193714 0.8764090909090908 
31.600060025929235 0.8760163636363636 
31.700062240000396 0.8756245454545454 
31.80006199399249 0.8752327272727272 
31.900064208063647 0.8748399999999998 
32.00006396205574 0.8744472727272726 
32.1000661761269 0.8740554545454545 
32.200065930118996 0.8736627272727272 
32.30006568411109 0.873270909090909 
32.40006789818225 0.8728781818181817 
32.500067652174344 0.8724863636363636 
32.600069866245505 0.8720936363636363 
32.7000696202376 0.871700909090909 
32.80006937422969 0.8713090909090908 
32.90007158830085 0.8709163636363635 
33.00007134229294 0.8705245454545454 
33.1000735563641 0.8701318181818182 
33.200073310356196 0.8697390909090909 
33.30007306434829 0.8693472727272726 
33.40007527841945 0.8689545454545453 
33.500075032411544 0.8685618181818181 
33.600077246482705 0.86817 
33.7000770004748 0.8677772727272727 
33.80007921454596 0.8673854545454545 
33.900078968538054 0.8669927272727271 
34.00007872253014 0.8665999999999999 
34.1000809366013 0.8662081818181818 
34.200080690593396 0.8658154545454545 
34.300082904664556 0.8654227272727272 
34.40008265865665 0.865030909090909 
34.500082412648744 0.8646381818181818 
34.6000846267199 0.8642463636363636 
34.70008438071199 0.8638536363636362 
34.80008659478316 0.8634618181818181 
34.900086348775254 0.8630690909090908 
35.00008856284641 0.8626763636363636 
35.1000883168385 0.8622845454545455 
35.200088070830596 0.861891818181818 
35.300090284901756 0.8614999999999999 
35.40009003889385 0.8611072727272726 
35.50009225296501 0.8607154545454545 
35.600092006957105 0.8603227272727272 
35.7000917609492 0.859930909090909 
35.80009397502035 0.8595381818181818 
35.90009372901245 0.8591463636363637 
36.000095943083615 0.8587536363636363 
36.10009569707571 0.8583618181818181 
36.20009791114686 0.8579690909090908 
36.300097665138956 0.8575763636363636 
36.40009741913105 0.8571845454545455 
36.50009963320221 0.856791818181818 
36.600099387194305 0.8563999999999999 
36.700101601265466 0.8560072727272726 
36.80010135525756 0.8556154545454545 
36.900101109249654 0.8552227272727273 
37.000103323320815 0.8548299999999999 
37.1001030773129 0.8544381818181818 
37.20010529138407 0.8540463636363635 
37.300105045376164 0.8536536363636363 
37.40010479936826 0.853260909090909 
37.50010701343941 0.8528690909090908 
37.600106767431505 0.8524763636363636 
37.700108981502666 0.8520845454545454 
37.80010873549476 0.8516918181818182 
37.90011094956592 0.8513 
38.000110703558015 0.8509072727272726 
38.10011045755011 0.8505145454545454 
38.20011267162127 0.8501227272727272 
38.30011242561336 0.8497299999999999 
38.400114639684524 0.8493381818181818 
38.50011439367661 0.8489454545454544 
38.600114147668705 0.8485527272727272 
38.700116361739866 0.848160909090909 
38.80011611573196 0.8477681818181817 
38.90011832980312 0.8473763636363636 
39.000118083795215 0.8469836363636363 
39.100120297866376 0.8465909090909091 
39.20012005185846 0.8461990909090908 
39.30011980585056 0.8458063636363635 
39.400122019921724 0.8454136363636363 
39.50012177391381 0.8450218181818181 
39.60012398798497 0.8446290909090909 
39.700123741977066 0.8442372727272727 
39.80012349596916 0.8438445454545453 
39.90012571004033 0.8434527272727272 
40.000125464032415 0.8430599999999999 
40.100127678103576 0.8426672727272727 
40.20012743209567 0.8422754545454545 
40.300127186087764 0.8418827272727272 
40.40012940015892 0.8414909090909091 
40.50012915415102 0.8410981818181817 
40.60013136822218 0.8407054545454545 
40.700131122214266 0.8403136363636363 
40.80013333628543 0.839920909090909 
40.90013309027752 0.8395290909090909 
41.000132844269615 0.8391363636363636 
41.10013505834078 0.8387445454545454 
41.20013481233287 0.8383518181818181 
41.30013702640403 0.8379590909090908 
41.400139240475184 0.8375672727272727 
41.50013653438822 0.8371745454545454 
41.60013874845937 0.8367827272727272 
41.70014096253053 0.83639 
41.80013825644356 0.8359981818181818 
41.90014047051472 0.8356054545454545 
42.00014268458588 0.8352127272727272 
42.10013997849891 0.834820909090909 
42.20014219257007 0.8344281818181818 
42.30014440664124 0.8340363636363636 
42.40014662071239 0.8336436363636364 
42.50014391462541 0.833251818181818 
42.60014612869658 0.8328590909090908 
42.70014834276774 0.8324663636363636 
42.80014563668077 0.8320745454545454 
42.90014785075193 0.8316818181818182 
43.00015006482309 0.8312899999999999 
43.10015227889424 0.8308972727272727 
43.20014957280727 0.8305045454545454 
43.30015178687843 0.8301127272727272 
43.40015400094959 0.8297199999999999 
43.50015129486262 0.8293281818181817 
43.60015350893378 0.8289354545454545 
43.70015572300494 0.8285436363636364 
43.80015301691797 0.828150909090909 
43.90015523098912 0.8277590909090908 
44.00015744506028 0.8273663636363635 
44.10015965913144 0.8269736363636363 
44.20015695304447 0.8265818181818182 
44.30015916711563 0.8261890909090908 
44.4001613811868 0.8257972727272727 
44.50015867509982 0.8254045454545453 
44.60016088917097 0.8250118181818181 
44.70016310324214 0.82462 
44.8001653173133 0.8242272727272726 
44.90016261122633 0.8238354545454545 
45.00016482529749 0.8234427272727272 
45.10016703936865 0.82305 
45.20016433328168 0.8226581818181817 
45.30016654735284 0.8222654545454544 
45.40016876142399 0.8218736363636363 
45.50017097549515 0.821480909090909 
45.60016826940818 0.8210890909090908 
45.70017048347934 0.8206963636363636 
45.8001726975505 0.8203045454545453 
45.90016999146353 0.8199118181818181 
46.00017220553469 0.81952 
46.10017441960584 0.8191272727272726 
46.20017171351888 0.8187345454545454 
46.30017392759003 0.8183427272727272 
46.40017614166119 0.81795 
46.50017835573235 0.8175581818181817 
46.60017564964538 0.8171654545454544 
46.70017786371654 0.8167736363636363 
46.80018007778771 0.816380909090909 
46.90017737170073 0.8159881818181818 
47.00017958577188 0.8155963636363636 
47.10018179984305 0.8152036363636362 
47.20018401391421 0.8148118181818181 
47.30018130782724 0.8144190909090908 
47.4001835218984 0.8140263636363636 
47.50018573596956 0.8136345454545454 
47.60018302988259 0.8132418181818181 
47.70018524395374 0.81285 
47.8001874580249 0.8124572727272726 
47.90018475193793 0.8120654545454544 
48.00018696600909 0.8116727272727272 
48.10018918008025 0.8112799999999999 
48.20019139415141 0.8108881818181818 
48.30018868806444 0.8104954545454545 
48.40019090213559 0.8101036363636362 
48.50019311620675 0.809710909090909 
48.60019041011978 0.8093190909090908 
48.70019262419094 0.8089263636363636 
48.8001948382621 0.8085336363636363 
48.90019705233327 0.8081418181818181 
49.00019434624629 0.8077490909090909 
49.10019656031744 0.8073572727272726 
49.20019877438861 0.8069645454545454 
49.30019606830163 0.8065718181818181 
49.4001982823728 0.8061799999999999 
49.50020049644396 0.8057872727272727 
49.60019779035698 0.8053954545454545 
49.70020000442815 0.8050027272727273 
49.80020221849931 0.804610909090909 
49.90020443257046 0.8042181818181817 
50.000201726483496 0.8038254545454545 
50.10020394055465 0.8034336363636363 
50.20020615462581 0.8030409090909091 
50.30020344853884 0.8026490909090909 
50.40020566261 0.8022563636363635 
50.50020787668116 0.8018636363636363 
50.60021009075231 0.8014718181818181 
50.70020738466535 0.8010790909090909 
50.8002095987365 0.8006872727272727 
50.90021181280766 0.8002945454545454 
51.00020910672069 0.7999027272727273 
51.10021132079185 0.7995099999999999 
51.20021353486301 0.7991172727272726 
51.30021574893418 0.7987254545454545 
51.4002130428472 0.7983327272727272 
51.50021525691835 0.7979409090909091 
51.60021747098952 0.7975481818181818 
51.70021476490254 0.7971563636363636 
51.80021697897371 0.7967636363636363 
51.90021919304487 0.7963718181818181 
52.00021648695789 0.7959790909090909 
52.10021870102906 0.7955863636363635 
52.20022091510021 0.7951945454545454 
52.30022312917137 0.7948018181818182 
52.4002204230844 0.79441 
52.50022263715556 0.7940172727272726 
52.60022485122672 0.7936254545454545 
52.70022214513975 0.7932327272727272 
52.80022435921091 0.79284 
52.90022657328206 0.7924481818181818 
53.00022878735322 0.7920554545454545 
53.10022608126625 0.7916636363636363 
53.20022829533741 0.791270909090909 
53.30023050940857 0.7908790909090909 
53.4002278033216 0.7904863636363635 
53.50023001739276 0.7900945454545454 
53.60023223146391 0.7897018181818182 
53.70022952537695 0.7893090909090908 
53.8002317394481 0.7889172727272727 
53.90023395351927 0.7885245454545453 
54.00023616759043 0.7881318181818181 
54.10023346150345 0.78774 
54.20023567557462 0.7873472727272727 
54.30023788964578 0.7869554545454545 
54.400235183558806 0.7865627272727271 
54.50023739762997 0.7861699999999999 
54.60023961170112 0.7857781818181818 
54.70024182577228 0.7853854545454545 
54.80023911968531 0.7849936363636363 
54.90024133375647 0.784600909090909 
55.00024354782763 0.7842090909090909 
55.10024084174066 0.7838163636363636 
55.20024305581182 0.7834236363636363 
55.30024526988297 0.7830318181818181 
55.40024748395413 0.7826390909090908 
55.50024477786716 0.7822472727272727 
55.60024699193832 0.7818545454545455 
55.70024920600948 0.7814627272727271 
55.80024649992251 0.7810699999999999 
55.90024871399367 0.7806781818181817 
56.00025092806484 0.7802854545454545 
56.10024822197785 0.7798927272727273 
56.20025043604901 0.779500909090909 
56.30025265012018 0.7791090909090909 
56.40025486419134 0.7787163636363635 
56.50025215810436 0.7783236363636363 
56.60025437217553 0.7779318181818181 
56.70025658624669 0.7775390909090908 
56.800253880159715 0.7771472727272727 
56.90025609423087 0.7767545454545454 
57.00025830830203 0.7763627272727271 
57.10026052237319 0.7759699999999999 
57.20025781628622 0.7755781818181817 
57.30026003035738 0.7751854545454545 
57.40026224442854 0.7747927272727272 
57.50025953834157 0.774400909090909 
57.60026175241272 0.7740081818181818 
57.70026396648388 0.7736163636363635 
57.80026126039691 0.7732236363636363 
57.90026347446807 0.772830909090909 
58.00026568853923 0.7724390909090908 
58.10026790261039 0.7720463636363636 
58.20026519652342 0.7716545454545454 
58.30026741059457 0.7712618181818182 
58.40026962466574 0.7708699999999999 
58.50026691857876 0.7704772727272726 
58.60026913264992 0.7700854545454545 
58.70027134672109 0.7696927272727272 
58.80027356079225 0.7693 
58.900270854705276 0.7689081818181818 
59.00027306877644 0.7685154545454544 
59.10027528284759 0.7681236363636363 
59.200272576760625 0.767730909090909 
59.30027479083178 0.7673390909090908 
59.40027700490294 0.7669463636363636 
59.50027429881597 0.7665536363636363 
59.60027651288713 0.7661618181818182 
59.70027872695829 0.7657690909090908 
59.80028094102944 0.7653772727272726 
59.900278234942476 0.7649845454545454 
60.00028044901363 0.7645918181818181 
60.10028266308479 0.7642 
60.20027995699782 0.7638081818181818 
60.30028217106898 0.7634154545454545 
60.40028438514014 0.7630227272727272 
60.50028659921131 0.762630909090909 
60.60028389312433 0.7622381818181818 
60.70028610719548 0.7618463636363636 
60.80028832126665 0.7614536363636363 
60.90028561517967 0.7610618181818182 
61.00028782925084 0.7606690909090909 
61.100290043322 0.7602763636363636 
61.20029225739316 0.7598845454545454 
61.300289551306186 0.7594918181818181 
61.40029176537734 0.7591 
61.5002939794485 0.7587072727272727 
61.60029127336153 0.7583145454545455 
61.70029348743269 0.7579227272727272 
61.80029570150385 0.7575299999999999 
61.900292995416876 0.7571381818181818 
62.00029520948804 0.7567454545454545 
62.10029742355919 0.7563527272727272 
62.20029963763035 0.7559609090909091 
62.30029693154338 0.7555681818181817 
62.40029914561454 0.7551763636363636 
62.5003013596857 0.7547836363636362 
62.60029865359873 0.7543918181818181 
62.70030086766989 0.7539990909090909 
62.80030308174104 0.7536063636363636 
62.90030529581221 0.7532145454545455 
63.00030258972523 0.752821818181818 
63.10030480379639 0.7524299999999999 
63.20030701786756 0.7520372727272727 
63.30030431178058 0.7516454545454545 
63.40030652585175 0.7512527272727272 
63.50030873992291 0.750860909090909 
63.60030603383593 0.7504681818181818 
63.700308247907095 0.7500763636363637 
63.80031046197825 0.7496836363636363 
63.90031267604941 0.749290909090909 
64.00030996996244 0.7488990909090908 
64.1003121840336 0.7485063636363636 
64.20031439810475 0.7481145454545455 
64.30031169201779 0.747721818181818 
64.40031390608894 0.7473299999999999 
64.50031612016011 0.7469372727272726 
64.60031833423126 0.7465454545454545 
64.7003156281443 0.7461527272727273 
64.80031784221545 0.745760909090909 
64.9003200562866 0.7453681818181818 
65.00031735019964 0.7449754545454544 
65.10031956427079 0.7445836363636363 
65.20032177834196 0.744190909090909 
65.30031907225498 0.7437990909090908 
65.40032128632615 0.7434063636363636 
65.50032350039731 0.7430145454545455 
65.60032571446847 0.7426218181818182 
65.70032300838149 0.74223 
65.80032522245266 0.7418372727272726 
65.90032743652381 0.7414454545454545 
66.00032473043684 0.7410527272727273 
66.100326944508 0.7406599999999999 
66.20032915857917 0.7402681818181818 
66.30033137265032 0.7398754545454544 
66.40032866656335 0.7394836363636363 
66.50033088063451 0.739090909090909 
66.60033309470566 0.7386990909090908 
66.7003303886187 0.7383063636363636 
66.80033260268985 0.7379145454545454 
66.90033481676102 0.7375218181818182 
67.00033703083217 0.73713 
67.1003343247452 0.7367372727272726 
67.20033653881636 0.7363445454545454 
67.30033875288751 0.7359527272727272 
67.40033604680055 0.7355599999999999 
67.5003382608717 0.7351681818181818 
67.60034047494287 0.7347754545454545 
67.70033776885589 0.7343836363636363 
67.80033998292706 0.733990909090909 
67.90034219699821 0.7335990909090908 
68.00034441106938 0.7332063636363636 
68.1003417049824 0.7328145454545454 
68.20034391905357 0.7324218181818182 
68.30034613312472 0.73203 
68.40034342703775 0.7316372727272726 
68.50034564110891 0.7312454545454545 
68.60034785518006 0.7308527272727272 
68.70035006925123 0.73046 
68.80034736316425 0.7300681818181818 
68.90034957723542 0.7296754545454545 
69.00035179130657 0.7292836363636364 
69.1003490852196 0.728890909090909 
69.20035129929076 0.7284981818181817 
69.30035351336191 0.7281063636363636 
69.40035080727495 0.7277136363636363 
69.5003530213461 0.7273218181818182 
69.60035523541727 0.7269290909090909 
69.70035744948842 0.7265372727272726 
69.80035474340146 0.7261445454545454 
69.90035695747261 0.7257527272727272 
70.00035917154378 0.72536 
70.1003564654568 0.7249681818181818 
70.20035867952795 0.7245754545454545 
70.30036089359912 0.7241827272727273 
70.40036310767029 0.723790909090909 
70.50036040158331 0.7233981818181817 
70.60036261565448 0.7230063636363636 
70.70036482972563 0.7226136363636363 
70.80036212363866 0.7222218181818182 
70.90036433770982 0.7218290909090909 
71.00036655178097 0.7214372727272726 
71.10036876585214 0.7210445454545454 
71.20036605976516 0.7206527272727272 
71.30036827383633 0.72026 
71.40037048790748 0.7198681818181817 
71.50036778182051 0.7194754545454545 
71.60036999589167 0.7190827272727273 
71.70037220996282 0.718690909090909 
71.80036950387586 0.7182981818181818 
71.90037171794701 0.7179063636363635 
72.00037393201818 0.7175136363636363 
72.10037614608933 0.7171209090909091 
72.20037344000237 0.7167290909090909 
72.30037565407352 0.7163372727272727 
72.40037786814469 0.7159445454545453 
72.50037516205771 0.7155527272727272 
72.60037737612886 0.71516 
72.70037959020003 0.7147672727272727 
72.8003818042712 0.7143754545454545 
72.90037909818422 0.7139827272727272 
73.00038131225539 0.713590909090909 
73.10038352632654 0.7131981818181818 
73.20038082023957 0.7128063636363635 
73.30038303431073 0.7124136363636363 
73.40038524838188 0.7120218181818182 
73.50038254229491 0.7116290909090909 
73.60038475636607 0.7112372727272727 
73.70038697043724 0.7108445454545453 
73.80038918450839 0.7104518181818181 
73.90038647842142 0.71006 
74.00038869249258 0.7096672727272727 
74.10039090656373 0.7092754545454545 
74.20038820047677 0.7088827272727272 
74.30039041454792 0.7084909090909091 
74.40039262861909 0.7080981818181818 
74.50039484269026 0.7077063636363635 
74.60039213660328 0.7073136363636363 
74.70039435067443 0.7069218181818181 
74.8003965647456 0.7065290909090909 
74.90039385865862 0.7061372727272727 
75.00039607272979 0.7057445454545453 
75.10039828680094 0.7053527272727272 
75.20039558071396 0.7049599999999999 
75.30039779478513 0.7045672727272727 
75.4004000088563 0.7041754545454545 
75.50040222292745 0.7037827272727272 
75.60039951684048 0.7033909090909091 
75.70040173091164 0.7029981818181817 
75.80040394498279 0.7026063636363635 
75.90040123889582 0.7022136363636363 
76.00040345296698 0.7018218181818181 
76.10040566703815 0.7014290909090909 
76.2004078811093 0.7010372727272727 
76.30040517502232 0.7006445454545454 
76.40040738909349 0.7002527272727272 
76.50040960316464 0.6998599999999999 
76.60040689707768 0.6994672727272727 
76.70040911114883 0.6990754545454545 
76.80041132522 0.6986827272727272 
76.90041353929116 0.6982909090909091 
77.00041083320417 0.6978981818181818 
77.10041304727534 0.6975054545454545 
77.2004152613465 0.6971136363636363 
77.30041255525953 0.696720909090909 
77.4004147693307 0.6963290909090909 
77.50041698340185 0.6959363636363636 
77.60041427731487 0.6955445454545454 
77.70041649138604 0.6951518181818181 
77.80041870545719 0.6947599999999999 
77.90042091952836 0.6943672727272727 
78.00041821344138 0.6939754545454545 
78.10042042751255 0.6935827272727272 
78.2004226415837 0.6931909090909091 
78.30041993549673 0.6927981818181818 
78.40042214956789 0.6924063636363635 
78.50042436363904 0.6920136363636363 
78.60042657771021 0.6916218181818181 
78.70042387162323 0.6912290909090909 
78.80042116553625 0.6908372727272726 
78.90042337960742 0.6904445454545454 
79.00042067352045 0.6900527272727273 
79.1004228875916 0.6896599999999999 
79.20042510166277 0.6892681818181817 
79.30042731573393 0.6888754545454544 
79.40042460964695 0.6884836363636363 
79.50042682371813 0.6880909090909091 
79.60042903778928 0.6876990909090908 
79.7004263317023 0.6873063636363635 
79.80042854577346 0.6869145454545454 
79.90043075984462 0.6865218181818181 
80.00042805375766 0.68613 
80.10043026782881 0.6857372727272726 
80.20043248189998 0.6853454545454545 
80.30043469597113 0.6849527272727273 
80.40043198988415 0.68456 
80.50043420395531 0.6841681818181817 
80.60043641802648 0.6837763636363636 
80.70043371193951 0.6833836363636363 
80.80043592601066 0.6829918181818182 
80.90043814008183 0.6825990909090909 
81.00044035415299 0.6822063636363636 
81.100437648066 0.6818145454545455 
81.20043986213716 0.6814218181818181 
81.30044207620834 0.68103 
81.40043937012136 0.6806372727272726 
81.50044158419252 0.6802454545454545 
81.60044379826368 0.6798527272727273 
81.7004410921767 0.6794609090909091 
81.80044330624786 0.6790681818181817 
81.90044552031904 0.6786763636363635 
82.00044773439019 0.6782836363636363 
82.10044502830321 0.6778909090909091 
82.20044724237437 0.6774990909090909 
82.30044945644553 0.6771072727272727 
82.40044675035857 0.6767145454545453 
82.50044896442972 0.6763218181818181 
82.60045117850089 0.67593 
82.7004484724139 0.6755372727272726 
82.8004556066432 0.6751454545454545 
82.90045290055622 0.6747527272727272 
83.00045019446925 0.6743609090909091 
83.10045732869854 0.6739681818181819 
83.20045462261157 0.6735763636363635 
83.3004519165246 0.6731836363636363 
83.4004590507539 0.6727918181818182 
83.50045634466692 0.6723990909090909 
83.60045363857995 0.6720063636363636 
83.70046077280925 0.6716145454545454 
83.80045806672227 0.6712218181818181 
83.90046520095157 0.67083 
84.00046249486459 0.6704372727272727 
84.1004597887776 0.6700454545454545 
84.2004669230069 0.6696527272727272 
84.30046421691993 0.66926 
84.40046151083295 0.6688681818181819 
84.50046864506226 0.6684754545454544 
84.60046593897528 0.6680836363636363 
84.70046323288831 0.667690909090909 
84.8004703671176 0.6672990909090909 
84.90046766103063 0.6669072727272727 
85.00046495494365 0.6665145454545454 
85.10047208917295 0.6661227272727273 
85.20046938308597 0.6657299999999999 
85.30046667699901 0.6653372727272727 
85.4004738112283 0.6649454545454545 
85.50047110514133 0.6645527272727272 
85.60047823937062 0.6641609090909091 
85.70047553328364 0.6637681818181818 
85.80047282719666 0.6633763636363635 
85.90047996142596 0.6629836363636363 
86.00047725533898 0.6625918181818181 
86.10047454925201 0.6621990909090909 
86.20048168348131 0.6618072727272727 
86.30047897739433 0.6614145454545454 
86.40047627130735 0.6610227272727273 
86.50048340553666 0.6606299999999999 
86.60048069944969 0.6602381818181817 
86.70047799336271 0.6598454545454545 
86.80048512759201 0.6594527272727272 
86.90048242150503 0.6590609090909091 
87.00047971541805 0.6586690909090909 
87.10048684964734 0.6582763636363635 
87.20048414356039 0.6578836363636363 
87.30049127778966 0.6574918181818181 
87.4004885717027 0.6570990909090909 
87.50048586561572 0.6567072727272727 
87.60049299984502 0.6563145454545454 
87.70049029375804 0.6559227272727273 
87.80048758767107 0.6555309090909089 
87.90049472190036 0.6551381818181817 
88.00049201581339 0.6547454545454545 
88.10048930972641 0.6543536363636363 
88.20049644395571 0.6539609090909091 
88.30049373786873 0.6535690909090908 
88.40049103178177 0.6531763636363636 
88.50049816601107 0.6527845454545455 
88.60049545992409 0.6523918181818181 
88.70049275383711 0.6519999999999999 
88.8004998880664 0.6516072727272726 
88.90049718197942 0.6512154545454545 
89.00050431620872 0.6508227272727273 
89.10050161012175 0.6504309090909091 
89.20049890403477 0.6500381818181817 
89.30050603826407 0.6496463636363636 
89.4005033321771 0.6492536363636363 
89.50050062609013 0.6488609090909091 
89.60050776031942 0.6484690909090908 
89.70050505423245 0.6480772727272727 
89.80050234814547 0.6476845454545455 
89.90050948237477 0.6472927272727272 
90.00050677628779 0.6468999999999999 
90.10050407020083 0.6465072727272726 
90.2005112044301 0.6461154545454545 
90.30050849834315 0.6457227272727273 
90.40051563257244 0.6453309090909091 
90.50051292648546 0.6449381818181817 
90.60051022039848 0.6445463636363635 
90.70051735462778 0.6441536363636363 
90.80051464854081 0.6437618181818182 
90.90051194245383 0.6433690909090908 
91.00051907668313 0.6429763636363636 
91.10051637059615 0.6425845454545454 
91.20051366450917 0.6421918181818181 
91.30052079873848 0.6418 
91.40051809265151 0.6414072727272726 
91.50051538656453 0.6410154545454545 
91.60052252079383 0.6406227272727272 
91.70051981470685 0.6402309090909091 
91.80051710861987 0.6398381818181818 
91.90052424284916 0.6394463636363635 
92.0005215367622 0.6390536363636363 
92.10052867099148 0.6386618181818182 
92.20052596490451 0.6382690909090909 
92.30052325881753 0.6378772727272727 
92.40053039304684 0.6374845454545454 
92.50052768695986 0.6370927272727273 
92.60052498087289 0.6367 
92.70053211510219 0.6363081818181817 
92.80052940901521 0.6359154545454545 
92.90052670292823 0.6355236363636363 
93.00053383715753 0.6351309090909091 
93.10053113107055 0.6347390909090909 
93.20052842498359 0.6343463636363635 
93.30053555921288 0.6339545454545454 
93.4005328531259 0.6335618181818181 
93.50053014703892 0.6331690909090909 
93.60053728126822 0.6327772727272727 
93.70053457518125 0.6323845454545454 
93.80054170941054 0.6319927272727273 
93.90053900332357 0.6315999999999999 
94.0005362972366 0.6312081818181817 
94.1005434314659 0.6308154545454545 
94.20054072537891 0.6304236363636363 
94.30053801929195 0.6300309090909091 
94.40054515352124 0.6296390909090909 
94.50054244743427 0.6292463636363635 
94.60053974134729 0.6288545454545454 
94.70054687557658 0.6284618181818181 
94.8005441694896 0.6280699999999999 
94.90054146340265 0.6276772727272727 
95.00054859763192 0.6272854545454545 
95.10054589154495 0.6268927272727273 
95.20054318545797 0.626500909090909 
95.30055031968728 0.6261081818181817 
95.4005476136003 0.6257163636363636 
95.5005547478296 0.6253236363636363 
95.60055204174263 0.6249318181818181 
95.70054933565565 0.6245390909090909 
95.80055646988495 0.6241472727272727 
95.90055376379797 0.6237545454545455 
96.000551057711 0.6233618181818181 
96.10055819194028 0.6229699999999999 
96.20055548585333 0.6225772727272727 
96.30055277976635 0.6221854545454545 
96.40055991399564 0.6217927272727273 
96.50055720790866 0.621400909090909 
96.6005545018217 0.6210081818181817 
96.70056163605098 0.6206163636363636 
96.80055892996401 0.6202236363636363 
96.90055622387703 0.6198318181818181 
97.00056335810633 0.6194390909090908 
97.10056065201935 0.6190472727272727 
97.20056778624866 0.6186545454545455 
97.30056508016168 0.6182627272727272 
97.40056237407471 0.6178699999999999 
97.50056950830401 0.6174781818181818 
97.60056680221703 0.6170854545454545 
97.70056409613005 0.6166936363636364 
97.80057123035934 0.616300909090909 
97.90056852427236 0.6159090909090909 
98.00056581818541 0.6155163636363636 
98.1005729524147 0.6151245454545454 
98.20057024632771 0.6147318181818181 
98.30056754024073 0.6143399999999999 
98.40057467447004 0.6139472727272727 
98.50057196838307 0.6135554545454546 
98.60056926229609 0.6131627272727272 
98.70057639652539 0.612770909090909 
98.80057369043841 0.6123781818181817 
98.90058082466771 0.6119863636363636 
99.00057811858073 0.6115936363636364 
99.10057541249377 0.6112018181818181 
99.20058254672304 0.6108090909090909 
99.30057984063609 0.6104172727272728 
99.40057713454911 0.6100245454545454 
99.5005842687784 0.6096327272727272 
99.60058156269142 0.6092399999999999 
99.70057885660445 0.6088481818181818 
99.80058599083375 0.6084554545454546 
99.90058328474677 0.6080636363636363 
100.0005805786598 0.607670909090909 
100.1005877128891 0.6072781818181817 
100.20058500680211 0.6068863636363636 
100.30059214103142 0.6064936363636364 
100.40058943494445 0.6061018181818181 
100.50058672885747 0.6057090909090909 
100.60059386308677 0.6053172727272726 
100.70059115699979 0.6049245454545454 
100.80058845091283 0.6045327272727272 
100.9005955851421 0.6041399999999999 
101.00059287905513 0.6037481818181818 
101.10059017296815 0.6033554545454545 
101.20059730719746 0.6029636363636363 
101.30059460111048 0.602570909090909 
101.40059189502351 0.6021790909090908 
101.5005990292528 0.6017863636363636 
101.60059632316583 0.6013945454545454 
101.70059361707885 0.6010018181818181 
101.80060075130815 0.60061 
101.90059804522117 0.6002172727272727 
102.00060517945047 0.5998254545454544 
102.1006024733635 0.5994327272727272 
102.20059976727653 0.599040909090909 
102.30060690150583 0.5986481818181818 
102.40060419541884 0.5982563636363636 
102.50060148933186 0.5978636363636363 
102.60060862356116 0.5974718181818182 
102.70060591747419 0.5970790909090908 
102.80060321138721 0.5966872727272727 
102.90061034561651 0.5962945454545454 
103.00060763952953 0.5959027272727272 
103.10060493344255 0.59551 
103.20061206767186 0.5951172727272727 
103.30060936158489 0.5947254545454544 
103.40060665549791 0.5943327272727272 
103.50061378972721 0.593940909090909 
103.60061108364023 0.5935481818181818 
103.70061821786953 0.5931563636363636 
103.80061551178254 0.5927636363636363 
103.90061280569559 0.5923718181818182 
104.00061993992486 0.5919790909090908 
104.1006172338379 0.5915872727272727 
104.20061452775091 0.5911945454545453 
104.30062166198022 0.5908027272727272 
104.40061895589324 0.59041 
104.50061624980627 0.5900181818181818 
104.60062338403557 0.5896254545454546 
104.70062067794859 0.5892336363636363 
104.80061797186161 0.588840909090909 
104.90062510609091 0.5884490909090909 
105.00062240000393 0.5880563636363636 
105.10061969391697 0.5876645454545454 
105.20062682814627 0.5872718181818182 
105.30062412205929 0.58688 
105.40063125628858 0.5864872727272727 
105.5006285502016 0.5860954545454544 
105.60062584411465 0.5857027272727272 
105.70063297834392 0.5853109090909091 
105.80063027225695 0.5849181818181818 
105.90062756616997 0.5845263636363636 
106.00063470039927 0.5841336363636362 
106.1006319943123 0.583740909090909 
106.20062928822533 0.5833490909090909 
106.30063642245462 0.5829563636363636 
106.40063371636765 0.5825645454545454 
106.50063101028067 0.5821727272727273 
106.60063814450997 0.58178 
106.70063543842299 0.5813872727272728 
106.80063273233603 0.5809954545454544 
106.90063986656533 0.5806027272727272 
107.00063716047835 0.5802109090909091 
107.10064429470764 0.5798181818181818 
107.20064158862066 0.5794263636363636 
107.30063888253368 0.5790336363636363 
107.40064601676298 0.5786418181818181 
107.50064331067601 0.5782490909090909 
107.60064060458903 0.5778572727272726 
107.70064773881833 0.5774645454545454 
107.80064503273135 0.5770727272727272 
107.90064232664437 0.57668 
108.00064946087367 0.5762881818181818 
108.10064675478671 0.5758954545454544 
108.20064404869973 0.5755036363636363 
108.30065118292903 0.575110909090909 
108.40064847684205 0.5747190909090908 
108.50064577075509 0.5743263636363636 
108.60065290498436 0.5739345454545454 
108.7006501988974 0.5735418181818182 
108.8006573331267 0.57315 
108.90065462703971 0.5727572727272726 
109.00065192095273 0.5723654545454545 
109.10065905518204 0.5719727272727272 
109.20065634909506 0.5715809090909091 
109.30065364300809 0.5711881818181818 
109.40066077723739 0.5707963636363635 
109.50065807115041 0.5704036363636363 
109.60065536506343 0.5700118181818181 
109.70066249929273 0.5696190909090909 
109.80065979320577 0.5692272727272727 
109.90065708711879 0.5688345454545454 
110.00066422134809 0.5684427272727273 
110.1006615152611 0.5680499999999999 
110.2006686494904 0.5676581818181817 
110.30066594340342 0.5672654545454545 
110.40066323731645 0.5668736363636363 
110.50067037154574 0.5664809090909091 
110.60066766545877 0.5660890909090909 
110.70066495937179 0.5656963636363636 
110.8006720936011 0.5653045454545454 
110.90066938751411 0.5649118181818181 
111.00066668142715 0.5645199999999999 
111.10067381565644 0.5641272727272727 
111.20067110956947 0.5637354545454545 
111.30066840348249 0.5633427272727273 
111.40067553771179 0.5629509090909091 
111.5006728316248 0.5625581818181817 
111.60067012553785 0.5621663636363636 
111.70067725976713 0.5617736363636363 
111.80067455368015 0.5613818181818181 
111.90068168790945 0.5609890909090909 
112.00067898182247 0.5605972727272727 
112.1006762757355 0.5602045454545455 
112.2006834099648 0.5598127272727272 
112.30068070387783 0.5594199999999999 
112.40067799779085 0.5590281818181818 
112.50068513202015 0.5586354545454545 
112.60068242593317 0.5582436363636363 
112.7006797198462 0.5578509090909091 
112.8006868540755 0.5574590909090908 
112.90068414798853 0.5570663636363636 
113.00068144190155 0.5566745454545454 
113.10068857613084 0.5562818181818181 
113.20068587004386 0.55589 
113.3006831639569 0.5554972727272727 
113.40069029818618 0.5551054545454546 
113.50068759209921 0.5547127272727271 
113.60069472632851 0.554320909090909 
113.70069202024153 0.5539281818181818 
113.80068931415455 0.5535363636363636 
113.90069644838385 0.5531436363636364 
114.00069374229687 0.5527518181818182 
114.10069103620991 0.5523590909090909 
114.20069817043921 0.5519672727272728 
114.30069546435223 0.5515745454545454 
114.40069275826525 0.5511827272727272 
114.50069989249454 0.55079 
114.60069718640759 0.5503981818181818 
114.7006944803206 0.5500054545454546 
114.8007016145499 0.5496127272727271 
114.90069890846291 0.549220909090909 
115.00069620237593 0.5488290909090909 
115.10070333660524 0.5484363636363636 
115.20070063051827 0.5480445454545454 
115.30070776474756 0.5476518181818181 
115.40070505866059 0.54726 
115.50070235257361 0.5468672727272728 
115.60070948680291 0.5464754545454544 
115.70070678071593 0.5460827272727272 
115.80070407462897 0.5456909090909091 
115.90071120885827 0.5452981818181818 
116.00070850277129 0.5449063636363636 
116.10070579668431 0.5445136363636363 
116.2007129309136 0.5441218181818182 
116.30071022482662 0.5437290909090909 
116.40070751873967 0.5433372727272726 
116.50071465296895 0.5429445454545454 
116.60071194688197 0.5425527272727272 
116.70070924079499 0.5421609090909091 
116.8007163750243 0.5417681818181818 
116.90071366893733 0.5413763636363635 
117.00072080316662 0.5409836363636363 
117.10071809707965 0.5405918181818182 
117.20071539099267 0.5401990909090909 
117.30072252522197 0.5398072727272727 
117.40071981913499 0.5394145454545454 
117.50071711304803 0.5390227272727273 
117.6007242472773 0.53863 
117.70072154119035 0.5382381818181817 
117.80071883510337 0.5378454545454545 
117.90072596933265 0.5374536363636363 
118.00072326324567 0.5370609090909091 
118.10072055715871 0.5366690909090909 
118.200727691388 0.5362763636363636 
118.30072498530103 0.5358845454545454 
118.40072227921405 0.5354918181818181 
118.50072941344335 0.5350999999999999 
118.60072670735637 0.5347072727272727 
118.70073384158567 0.5343154545454545 
118.80073113549871 0.5339227272727273 
118.90072842941173 0.5335309090909091 
119.00073556364103 0.5331381818181817 
119.10073285755405 0.5327463636363636 
119.20073015146707 0.5323536363636363 
119.30073728569636 0.5319618181818181 
119.40073457960939 0.5315690909090909 
119.50073187352241 0.5311772727272727 
119.60073900775171 0.5307845454545455 
119.70073630166473 0.5303927272727272 
119.80073359557777 0.530000909090909 
119.90074072980705 0.5296081818181818 
120.00073802372009 0.5292163636363636 
120.10073531763311 0.5288236363636363 
120.20074245186241 0.5284318181818182 
120.30073974577543 0.5280390909090908 
120.40074688000473 0.5276472727272727 
120.50074417391775 0.5272545454545454 
120.60074146783079 0.5268627272727272 
120.70074860206007 0.52647 
120.8007458959731 0.5260781818181818 
120.90074318988611 0.5256854545454546 
121.00075032411542 0.5252936363636364 
121.10074761802844 0.524900909090909 
121.20074491194147 0.5245090909090909 
121.30075204617077 0.5241163636363636 
121.40074934008379 0.5237245454545454 
121.50074663399681 0.5233318181818182 
121.60075376822611 0.52294 
121.70075106213915 0.5225472727272727 
121.80075819636843 0.5221554545454544 
121.90075549028147 0.5217636363636363 
122.00075278419449 0.5213709090909091 
122.10075991842378 0.5209781818181818 
122.2007572123368 0.5205863636363636 
122.30075450624985 0.5201945454545455 
122.40076164047912 0.5198018181818181 
122.50075893439215 0.5194090909090909 
122.60075622830517 0.5190172727272726 
122.70076336253447 0.5186254545454545 
122.8007606564475 0.5182327272727273 
122.90075795036053 0.5178409090909091 
123.00076508458982 0.5174481818181818 
123.10076237850285 0.5170563636363635 
123.20075967241587 0.5166636363636363 
123.30076680664517 0.5162718181818182 
123.40076410055819 0.5158790909090909 
123.50077123478748 0.5154872727272727 
123.60076852870053 0.5150945454545454 
123.70076582261355 0.5147027272727273 
123.80077295684283 0.51431 
123.90077025075585 0.5139181818181817 
124.00076754466888 0.5135254545454545 
124.10077467889818 0.5131336363636364 
124.20077197281121 0.5127418181818181 
124.30076926672423 0.5123490909090909 
124.40077640095353 0.5119572727272726 
124.50077369486655 0.5115645454545454 
124.60077098877959 0.5111727272727272 
124.70077812300887 0.5107799999999999 
124.80077541692191 0.5103881818181818 
124.90077271083493 0.5099954545454545 
125.00077984506423 0.5096036363636363 
125.10077713897725 0.509210909090909 
125.20078427320654 0.5088190909090908 
125.30078156711956 0.5084263636363636 
125.4007788610326 0.5080345454545454 
125.5007859952619 0.5076427272727272 
125.60078328917491 0.50725 
125.70078058308793 0.5068581818181818 
125.80078771731723 0.5064654545454546 
125.90078501123027 0.5060736363636363 
126.00078230514329 0.505680909090909 
126.10078943937259 0.5052890909090909 
126.20078673328561 0.5048972727272727 
126.30078402719863 0.5045045454545454 
126.40079116142793 0.5041127272727273 
126.50078845534097 0.50372 
126.60078574925399 0.5033281818181817 
126.70079288348329 0.5029354545454545 
126.80079017739631 0.5025436363636363 
126.9007973116256 0.5021509090909091 
127.00079460553862 0.5017590909090909 
127.10079189945165 0.5013663636363636 
127.20079903368094 0.5009745454545455 
127.30079632759397 0.5005827272727272 
127.40079362150699 0.5001899999999999 
127.5008007557363 0.49979818181818175 
127.60079804964931 0.4994054545454545 
127.70079534356235 0.4990136363636364 
127.80080247779165 0.4986209090909091 
127.90079977170467 0.49822909090909084 
128.0007970656177 0.4978363636363636 
128.10080419984698 0.4974445454545455 
128.20080149376 0.4970518181818182 
128.30079878767305 0.49665999999999993 
128.40080592190233 0.4962681818181818 
128.50080321581535 0.4958754545454545 
128.60081035004467 0.4954836363636363 
128.7008076439577 0.495090909090909 
128.8008049378707 0.49469909090909087 
128.9008120721 0.4943063636363636 
129.00080936601304 0.4939145454545454 
129.10080665992606 0.4935227272727272 
129.20081379415535 0.49312999999999996 
129.30081108806837 0.4927381818181818 
129.40080838198142 0.4923454545454545 
129.50081551621068 0.4919536363636363 
129.60081281012373 0.49156090909090905 
129.70081010403675 0.4911690909090909 
129.80081723826603 0.49077636363636357 
129.90081453217906 0.4903845454545454 
130.0008118260921 0.48999272727272725 
130.1008189603214 0.4896 
130.2008162542344 0.48920818181818176 
130.30082338846373 0.4888154545454545 
130.40082068237675 0.48842363636363634 
130.50081797628977 0.48803090909090907 
130.60082511051905 0.48763909090909086 
130.7008224044321 0.4872463636363636 
130.80081969834512 0.48685454545454543 
130.9008268325744 0.48646272727272716 
131.00082412648743 0.48606999999999995 
131.10082142040045 0.4856781818181818 
131.20082855462974 0.4852854545454545 
131.3008258485428 0.48489363636363636 
131.4008231424558 0.484500909090909 
131.5008302766851 0.4841090909090909 
131.6008275705981 0.4837172727272727 
131.70083470482743 0.48332454545454545 
131.80083199874045 0.4829318181818181 
131.90082929265347 0.48253999999999997 
132.00083642688278 0.4821481818181818 
132.1008337207958 0.48175545454545454 
132.20083101470883 0.48136363636363627 
132.3008381489381 0.48097090909090906 
132.40083544285113 0.4805790909090909 
132.50083273676415 0.48018636363636363 
132.60083987099347 0.47979454545454536 
132.7008371649065 0.4794018181818181 
132.8008344588195 0.47901 
132.9008415930488 0.4786181818181817 
133.00083888696182 0.47822545454545445 
133.10083618087486 0.47783363636363635 
133.20084331510415 0.4774409090909091 
133.30084060901717 0.4770490909090909 
133.4008477432465 0.47665636363636354 
133.5008450371595 0.4762645454545454 
133.60084233107253 0.4758718181818182 
133.70084946530181 0.47548 
133.80084675921483 0.47508727272727264 
133.90084405312786 0.4746954545454545 
134.00085118735717 0.4743027272727272 
134.1008484812702 0.4739109090909091 
134.2008457751832 0.47351909090909083 
134.3008529094125 0.47312636363636357 
134.40085020332555 0.47273454545454546 
134.50084749723857 0.4723418181818182 
134.60085463146785 0.4719499999999999 
134.70085192538087 0.47155727272727266 
134.80084921929392 0.4711654545454545 
134.9008563535232 0.4707727272727273 
135.00085364743623 0.470380909090909 
135.10086078166552 0.46998818181818175 
135.20085807557854 0.4695963636363636 
135.30085536949156 0.4692036363636363 
135.40086250372087 0.4688118181818181 
135.5008597976339 0.46841999999999995 
135.6008570915469 0.4680272727272727 
135.70086422577623 0.4676354545454546 
135.80086151968925 0.4672427272727272 
135.90085881360227 0.46685090909090904 
136.00086594783156 0.46645818181818177 
136.1008632417446 0.46606636363636367 
136.20086053565763 0.4656745454545454 
136.3008676698869 0.46528181818181813 
136.40086496379993 0.46488999999999997 
136.50086225771298 0.4644972727272727 
136.60086939194224 0.4641054545454545 
136.7008666858553 0.4637127272727272 
136.80087382008458 0.46332090909090906 
136.9008711139976 0.46292909090909085 
137.00086840791062 0.4625363636363636 
137.10087554213993 0.4621445454545454 
137.20087283605295 0.46175181818181815 
137.30087012996597 0.46135999999999994 
137.4008772641953 0.46096727272727267 
137.5008745581083 0.4605754545454545 
137.60087185202133 0.46018363636363635 
137.70087898625061 0.4597909090909091 
137.80087628016366 0.45939909090909087 
137.90087357407668 0.4590063636363636 
138.00088070830597 0.45861454545454544 
138.100878002219 0.4582218181818182 
138.200875296132 0.45782999999999996 
138.3008824303613 0.4574381818181818 
138.40087972427435 0.45704545454545453 
138.50088685850363 0.4566536363636363 
138.60088415241665 0.45626090909090905 
138.70088144632967 0.4558690909090909 
138.800888580559 0.4554763636363636 
138.900885874472 0.45508454545454535 
139.00088316838503 0.45469272727272725 
139.10089030261432 0.4543 
139.20088759652737 0.45390818181818177 
139.3008848904404 0.4535154545454545 
139.40089202466967 0.45312363636363634 
139.5008893185827 0.4527309090909091 
139.60088661249574 0.45233909090909086 
139.70089374672503 0.4519463636363636 
139.80089104063805 0.45155454545454543 
139.90088833455107 0.45116272727272727 
140.00089546878036 0.45076999999999995 
140.10089276269338 0.4503781818181818 
140.2008998969227 0.44998545454545447 
140.3008971908357 0.44959363636363636 
140.40089448474873 0.44920181818181815 
140.50090161897805 0.4488090909090909 
140.60089891289107 0.4484172727272727 
140.7008962068041 0.44802454545454545 
140.80090334103338 0.44763272727272724 
140.90090063494642 0.44723999999999997 
141.00089792885944 0.44684818181818176 
141.10090506308873 0.4464563636363636 
141.20090235700175 0.44606363636363633 
141.3008996509148 0.4456718181818181 
141.40090678514406 0.44527909090909085 
141.5009040790571 0.4448872727272727 
141.6009112132864 0.4444945454545454 
141.70090850719941 0.4441027272727272 
141.80090580111244 0.44371090909090904 
141.90091293534175 0.4433181818181818 
142.00091022925477 0.4429263636363636 
142.1009075231678 0.44253363636363635 
142.2009146573971 0.44214181818181814 
142.30091195131013 0.44174909090909087 
142.40090924522315 0.4413572727272727 
142.50091637945243 0.4409654545454545 
142.60091367336548 0.4405727272727272 
142.7009109672785 0.44018090909090907 
142.8009181015078 0.4397881818181818 
142.9009153954208 0.4393963636363636 
143.00091268933383 0.4390036363636363 
143.10091982356312 0.43861181818181816 
143.20091711747617 0.43822 
143.30092425170545 0.4378272727272727 
143.40092154561847 0.4374354545454545 
143.5009188395315 0.4370427272727272 
143.6009259737608 0.4366509090909091 
143.70092326767383 0.4362590909090909 
143.80092056158685 0.4358663636363636 
143.90092769581616 0.43547454545454545 
144.00092498972919 0.4350818181818182 
144.1009222836422 0.43468999999999997 
144.2009294178715 0.4342972727272727 
144.3009267117845 0.4339054545454545 
144.40092400569756 0.43351272727272727 
144.50093113992685 0.43312090909090906 
144.60092843383987 0.43272909090909084 
144.7009257277529 0.4323363636363636 
144.80093286198218 0.4319445454545454 
144.90093015589522 0.43155181818181815 
145.0009372901245 0.43115999999999993 
145.10093458403753 0.4307681818181818 
145.20093187795055 0.4303754545454545 
145.30093901217987 0.42998363636363635 
145.4009363060929 0.4295909090909091 
145.5009336000059 0.42919909090909086 
145.6009407342352 0.4288072727272727 
145.70093802814824 0.42841454545454544 
145.80093532206126 0.4280227272727272 
145.90094245629055 0.42762999999999995 
146.00093975020357 0.4272381818181818 
146.10093704411662 0.42684545454545453 
146.20094417834588 0.4264536363636363 
146.30094147225893 0.4260618181818181 
146.40093876617195 0.4256690909090909 
146.50094590040123 0.4252772727272727 
146.60094319431425 0.4248845454545454 
146.70095032854357 0.42449272727272724 
146.8009476224566 0.4240999999999999 
146.9009449163696 0.4237081818181818 
147.00095205059893 0.4233163636363636 
147.10094934451195 0.42292363636363633 
147.20094663842497 0.4225318181818182 
147.30095377265425 0.4221390909090909 
147.4009510665673 0.4217472727272727 
147.50094836048032 0.4213554545454545 
147.6009554947096 0.4209627272727272 
147.70095278862263 0.42057090909090905 
147.80095008253568 0.4201781818181818 
147.90095721676494 0.41978636363636357 
148.00095451067799 0.41939454545454546 
148.100951804591 0.41900181818181814 
148.2009589388203 0.41861 
148.3009562327333 0.41821727272727266 
148.40096336696263 0.4178254545454545 
148.50096066087565 0.41743363636363634 
148.60095795478867 0.4170409090909091 
148.70096508901798 0.41664909090909086 
148.800962382931 0.4162563636363636 
148.90095967684402 0.41586454545454543 
149.0009668110733 0.41547181818181816 
149.10096410498633 0.41507999999999995 
149.20096139889935 0.4146881818181818 
149.30096853312867 0.4142954545454545 
149.4009658270417 0.4139036363636363 
149.5009631209547 0.41351090909090904 
149.600970255184 0.4131190909090908 
149.70096754909704 0.4127272727272727 
149.80096484301006 0.41233454545454545 
149.90097197723935 0.41194272727272724 
150.00096927115237 0.41154999999999997 
150.1009764053817 0.4111581818181818 
150.2009736992947 0.4107663636363636 
150.30097099320773 0.41037363636363633 
150.400978127437 0.4099818181818181 
150.50097542135006 0.4095890909090909 
150.60097271526305 0.4091972727272727 
150.70097984949237 0.4088045454545454 
150.8009771434054 0.4084127272727272 
150.9009744373184 0.4080209090909091 
151.00098157154773 0.4076281818181818 
151.10097886546075 0.4072363636363636 
151.20097615937377 0.4068436363636363 
151.30098329360305 0.4064518181818182 
151.40098058751607 0.40606 
151.5009877217454 0.4056672727272727 
151.6009850156584 0.4052754545454545 
151.70098230957143 0.4048827272727273 
151.80098944380074 0.40449090909090907 
151.90098673771377 0.4040981818181818 
152.00098403162679 0.4037063636363636 
152.10099116585607 0.4033145454545454 
152.2009884597691 0.40292181818181816 
152.3009857536821 0.40252999999999994 
152.40099288791143 0.4021381818181818 
152.50099018182445 0.4017454545454545 
152.60098747573747 0.40135363636363636 
152.70099460996676 0.40096090909090903 
152.8009919038798 0.4005690909090909 
152.90098919779282 0.4001763636363636 
153.0009963320221 0.39978454545454545 
153.10099362593513 0.39939272727272723 
153.20100076016445 0.39899999999999997 
153.30099805407744 0.3986081818181818 
153.4009953479905 0.39821545454545454 
153.50100248221977 0.3978236363636363 
153.6009997761328 0.3974318181818181 
153.70099707004582 0.3970390909090909 
153.80100420427513 0.3966472727272727 
153.90100149818815 0.3962545454545454 
154.00099879210117 0.3958627272727272 
154.1010059263305 0.3954709090909091 
154.2010032202435 0.3950781818181818 
154.30100051415653 0.3946863636363636 
154.40100764838581 0.3942945454545454 
154.50100494229886 0.3939018181818182 
154.60100223621188 0.39350999999999997 
154.70100937044117 0.3931172727272727 
154.8010066643542 0.3927254545454545 
154.90101379858348 0.3923327272727272 
155.0010110924965 0.39194090909090906 
155.10100838640955 0.39154909090909085 
155.20101552063883 0.3911563636363636 
155.30101281455185 0.3907645454545454 
155.40101010846487 0.39037181818181815 
155.5010172426942 0.38998 
155.6010145366072 0.3895881818181818 
155.70101183052023 0.3891954545454545 
155.80101896474955 0.38880363636363635 
155.90101625866257 0.3884109090909091 
156.00101355257559 0.38801909090909087 
156.10102068680487 0.3876272727272727 
156.2010179807179 0.38723454545454544 
156.30101527463094 0.3868427272727272 
156.40102240886023 0.38644999999999996 
156.50101970277325 0.3860581818181818 
156.60102683700254 0.38566636363636364 
156.70102413091556 0.3852736363636363 
156.8010214248286 0.38488181818181816 
156.9010285590579 0.38448909090909084 
157.0010258529709 0.38409727272727273 
157.10102314688393 0.3837054545454545 
157.20103028111325 0.38331272727272725 
157.30102757502627 0.3829209090909091 
157.4010248689393 0.3825281818181818 
157.50103200316858 0.3821363636363636 
157.60102929708162 0.3817445454545454 
157.70102659099464 0.3813518181818181 
157.80103372522393 0.38095999999999997 
157.90103101913698 0.3805672727272727 
158.00102831304997 0.3801754545454545 
158.1010354472793 0.3797836363636364 
158.20103274119228 0.37939090909090906 
158.3010398754216 0.3789990909090909 
158.40103716933464 0.3786063636363636 
158.50103446324763 0.3782145454545454 
158.60104159747695 0.37782272727272725 
158.70103889138997 0.37743 
158.801036185303 0.3770381818181818 
158.90104331953228 0.3766454545454545 
159.00104061344533 0.37625363636363635 
159.10103790735835 0.3758609090909091 
159.20104504158763 0.37546909090909086 
159.30104233550068 0.3750772727272727 
159.4010396294137 0.37468454545454544 
159.501046763643 0.3742927272727272 
159.60104405755604 0.37389999999999995 
159.70104135146903 0.37350818181818174 
159.80104848569835 0.37311636363636363 
159.90104577961134 0.37272363636363637 
160.00105291384065 0.37233181818181815 
160.10105020775367 0.37194 
160.2010475016667 0.3715472727272727 
160.301054635896 0.3711554545454545 
160.40105192980903 0.37076272727272724 
160.50104922372205 0.37037090909090903 
160.60105635795134 0.36997909090909087 
160.70105365186438 0.3695863636363636 
160.8010509457774 0.3691945454545454 
160.9010580800067 0.3688018181818181 
161.00105537391974 0.36840999999999996 
161.10105266783273 0.3680172727272727 
161.20105980206205 0.36762545454545453 
161.3010570959751 0.3672336363636363 
161.40106423020435 0.3668409090909091 
161.5010615241174 0.3664490909090909 
161.6010588180304 0.3660563636363636 
161.7010659522597 0.3656645454545454 
161.80106324617273 0.36527272727272725 
161.90106054008575 0.36488 
162.00106767431504 0.36448818181818177 
162.1010649682281 0.3640963636363636 
162.2010622621411 0.36370363636363634 
162.3010693963704 0.3633118181818182 
162.40106669028344 0.36291909090909086 
162.50106398419646 0.3625272727272727 
162.60107111842575 0.36213545454545454 
162.7010684123388 0.36174272727272727 
162.8010657062518 0.36135090909090906 
162.9010728404811 0.3609581818181818 
163.0010701343941 0.36056636363636363 
163.1010772686234 0.36017363636363636 
163.20107456253646 0.35978181818181815 
163.30107185644945 0.35938999999999993 
163.40107899067877 0.3589972727272727 
163.5010762845918 0.3586054545454545 
163.6010735785048 0.35821272727272724 
163.7010807127341 0.357820909090909 
163.80107800664715 0.3574290909090909 
163.90107530056017 0.3570363636363636 
164.00108243478945 0.35664454545454544 
164.1010797287025 0.3562518181818181 
164.20107702261552 0.35586 
164.3010841568448 0.3554681818181818 
164.40108145075786 0.3550754545454545 
164.50107874467085 0.3546836363636363 
164.60108587890016 0.35429181818181815 
164.70108317281316 0.3538990909090909 
164.80109030704247 0.35350727272727267 
164.9010876009555 0.3531145454545454 
165.0010848948685 0.35272272727272724 
165.10108218878156 0.3523309090909091 
165.20107948269458 0.35193818181818176 
165.30109645724016 0.3515463636363636 
165.40109375115316 0.35115363636363633 
165.5010910450662 0.3507618181818182 
165.60108833897922 0.35036999999999996 
165.70108563289224 0.3499772727272727 
165.8011026074378 0.34958545454545453 
165.90109990135082 0.34919272727272727 
166.00109719526387 0.34880090909090905 
166.10109448917692 0.34840909090909084 
166.2010917830899 0.3480163636363636 
166.30108907700293 0.3476245454545454 
166.4011060515485 0.34723181818181814 
166.50110334546153 0.3468399999999999 
166.60110063937455 0.3464481818181818 
166.70109793328757 0.34605545454545455 
166.80109522720062 0.34566363636363634 
166.9010925211136 0.3452709090909091 
167.00110949565922 0.3448790909090909 
167.1011067895722 0.3444872727272727 
167.20110408348526 0.34409454545454543 
167.30110137739828 0.3437027272727272 
167.4010986713113 0.34331090909090906 
167.50111564585686 0.3429181818181818 
167.60111293976988 0.3425263636363636 
167.70111023368293 0.3421336363636363 
167.80110752759592 0.34174181818181815 
167.90110482150897 0.34135 
168.001102115422 0.3409572727272727 
168.10111908996757 0.3405654545454545 
168.2011163838806 0.3401727272727273 
168.3011136777936 0.3397809090909091 
168.40111097170663 0.33938909090909086 
168.50110826561968 0.3389963636363636 
168.60110555953267 0.33860454545454544 
168.70112253407828 0.3382127272727272 
168.80111982799127 0.33781999999999995 
168.9011171219043 0.3374281818181818 
169.00111441581734 0.3370354545454545 
169.10111170973033 0.33664363636363637 
169.20112868427591 0.33625181818181815 
169.30112597818894 0.3358590909090909 
169.40112327210198 0.3354672727272727 
169.50112056601498 0.33507454545454546 
169.60111785992802 0.33468272727272724 
169.70111515384104 0.3342909090909091 
169.80113212838663 0.3338981818181818 
169.90112942229965 0.3335063636363636 
170.00112671621267 0.33311363636363633 
170.1011240101257 0.3327218181818181 
170.20112130403874 0.33233 
170.30111859795173 0.3319372727272727 
170.40113557249728 0.33154545454545453 
170.50113286641033 0.33115363636363637 
170.60113016032335 0.3307609090909091 
170.70112745423637 0.3303690909090909 
170.8011247481494 0.3299772727272727 
170.90114172269497 0.3295845454545454 
171.001139016608 0.32919272727272725 
171.10113631052104 0.3288 
171.20113360443403 0.32840818181818177 
171.30113089834708 0.32801636363636366 
171.4011281922601 0.32762363636363634 
171.50114516680568 0.3272318181818182 
171.6011424607187 0.32683909090909086 
171.7011397546317 0.3264472727272727 
171.80113704854475 0.32605545454545454 
171.9011343424578 0.32566272727272727 
172.0011316363708 0.32527090909090906 
172.10114861091634 0.3248790909090909 
172.2011459048294 0.32448636363636363 
172.3011431987424 0.3240945454545454 
172.40114049265543 0.32370181818181815 
172.50113778656845 0.32331 
172.60115476111403 0.3229181818181818 
172.70115205502705 0.3225254545454545 
172.8011493489401 0.32213363636363634 
172.9011466428531 0.321740909090909 
173.00114393676614 0.3213490909090909 
173.10114123067916 0.3209572727272727 
173.20115820522471 0.32056454545454544 
173.30115549913774 0.3201727272727273 
173.40115279305076 0.31978090909090906 
173.5011500869638 0.3193881818181818 
173.6011473808768 0.3189963636363636 
173.70114467478984 0.3186036363636363 
173.8011616493354 0.31821181818181815 
173.90115894324845 0.31782 
174.00115623716147 0.31742727272727267 
174.1011535310745 0.31703545454545456 
174.2011508249875 0.31664363636363635 
174.3011677995331 0.3162509090909091 
174.4011650934461 0.31585909090909087 
174.50116238735916 0.3154663636363636 
174.60115968127215 0.31507454545454544 
174.7011569751852 0.3146827272727272 
174.80115426909822 0.31428999999999996 
174.90117124364377 0.3138981818181818 
175.0011685375568 0.31350636363636364 
175.1011658314698 0.3131136363636363 
175.20116312538286 0.31272181818181816 
175.30116041929585 0.31233 
175.4011577132089 0.31193727272727273 
175.50117468775446 0.3115454545454545 
175.6011719816675 0.31115272727272725 
175.70116927558053 0.3107609090909091 
175.80116656949355 0.3103690909090909 
175.90116386340657 0.3099763636363636 
176.00118083795212 0.3095845454545454 
176.10117813186517 0.3091927272727273 
176.20117542577816 0.30879999999999996 
176.3011727196912 0.3084081818181818 
176.40117001360426 0.3080154545454545 
176.50116730751728 0.3076236363636364 
176.60118428206283 0.30723181818181816 
176.70118157597585 0.3068390909090909 
176.80117886988887 0.3064472727272727 
176.90117616380192 0.3060554545454545 
177.0011734577149 0.30566272727272725 
177.10119043226047 0.30527090909090904 
177.20118772617352 0.30487818181818177 
177.30118502008656 0.3044863636363636 
177.40118231399958 0.30409454545454545 
177.5011796079126 0.30370181818181813 
177.60117690182562 0.30330999999999997 
177.70119387637118 0.3029181818181818 
177.80119117028423 0.30252545454545454 
177.90118846419722 0.3021336363636363 
178.00118575811027 0.30174090909090906 
178.10118305202332 0.3013490909090909 
178.2011803459363 0.3009572727272727 
178.3011973204819 0.3005645454545454 
178.4011946143949 0.30017272727272726 
178.50119190830793 0.2997809090909091 
178.60118920222098 0.2993881818181818 
178.70118649613397 0.2989963636363636 
178.80120347067952 0.2986036363636363 
178.90120076459257 0.2982118181818182 
179.00119805850562 0.29782 
179.1011953524186 0.2974272727272727 
179.20119264633166 0.29703545454545455 
179.30118994024468 0.2966427272727273 
179.40120691479024 0.29625090909090906 
179.50120420870329 0.29585909090909085 
179.60120150261628 0.2954663636363636 
179.70119879652933 0.2950745454545454 
179.80119609044237 0.29468272727272726 
179.90119338435537 0.29428999999999994 
180.00121035890092 0.29389818181818184 
180.10120765281397 0.2935054545454545 
180.201204946727 0.29311363636363635 
180.30120224064004 0.29272181818181814 
180.40119953455303 0.29232909090909087 
180.50121650909858 0.2919372727272727 
180.60121380301163 0.2915454545454545 
180.70121109692468 0.29115272727272723 
180.80120839083767 0.29076090909090907 
180.90120568475072 0.2903690909090909 
181.00120297866374 0.2899763636363636 
181.1012199532093 0.28958454545454543 
181.20121724712234 0.28919181818181816 
181.30121454103534 0.2888 
181.40121183494838 0.2884081818181818 
181.50120912886143 0.2880154545454545 
181.60120642277442 0.28762363636363636 
181.70122339731998 0.28723181818181814 
181.80122069123303 0.2868390909090909 
181.90121798514605 0.28644727272727266 
182.00121527905907 0.28605454545454545 
182.1012125729721 0.28566272727272723 
182.20122954751764 0.2852709090909091 
182.3012268414307 0.28487818181818175 
182.40122413534374 0.28448636363636365 
182.50122142925673 0.28409454545454543 
182.60121872316978 0.28370181818181817 
182.7012160170828 0.28330999999999995 
182.80123299162835 0.2829181818181818 
182.90123028554137 0.2825254545454545 
183.0012275794544 0.2821336363636363 
183.10122487336744 0.2817418181818182 
183.20122216728046 0.2813490909090909 
183.30121946119348 0.2809572727272727 
183.40123643573904 0.2805645454545454 
183.50123372965209 0.2801727272727273 
183.6012310235651 0.2797809090909091 
183.70122831747813 0.2793881818181818 
183.80122561139115 0.2789963636363636 
183.9012425859367 0.27860454545454544 
184.00123987984975 0.27821181818181817 
184.1012371737628 0.27781999999999996 
184.2012344676758 0.2774272727272727 
184.30123176158884 0.27703545454545453 
184.40122905550186 0.27664363636363637 
184.5012460300474 0.27625090909090905 
184.60124332396043 0.2758590909090909 
184.70124061787345 0.2754672727272727 
184.8012379117865 0.27507454545454546 
184.9012352056995 0.27468272727272725 
185.00123249961254 0.2742909090909091 
185.1012494741581 0.2738981818181818 
185.20124676807114 0.2735063636363636 
185.30124406198416 0.27311454545454544 
185.40124135589718 0.2727218181818181 
185.5012386498102 0.27233 
185.60125562435576 0.2719381818181818 
185.7012529182688 0.27154545454545453 
185.8012502121818 0.2711536363636364 
185.90124750609485 0.2707609090909091 
186.00124480000787 0.2703690909090909 
186.10124209392092 0.2699772727272727 
186.20125906846647 0.2695845454545454 
186.3012563623795 0.26919272727272725 
186.4012536562925 0.2688009090909091 
186.50125095020556 0.26840818181818177 
186.60124824411855 0.26801636363636366 
186.7012455380316 0.26762454545454545 
186.80126251257715 0.2672318181818182 
186.9012598064902 0.26683999999999997 
187.00125710040322 0.2664472727272727 
187.10125439431621 0.26605545454545454 
187.20125168822926 0.2656636363636363 
187.30126866277482 0.26527090909090906 
187.40126595668787 0.2648790909090909 
187.50126325060086 0.2644872727272727 
187.6012605445139 0.2640945454545454 
187.70125783842693 0.26370272727272726 
187.80125513233995 0.2633109090909091 
187.90127210688553 0.26291818181818183 
188.00126940079855 0.2625263636363636 
188.10126669471157 0.26213454545454545 
188.20126398862462 0.2617418181818182 
188.3012612825376 0.26134999999999997 
188.40125857645066 0.26095818181818176 
188.5012755509962 0.2605654545454545 
188.60127284490923 0.26017363636363633 
188.70127013882228 0.25978181818181817 
188.80126743273527 0.2593890909090909 
188.90126472664832 0.25899727272727274 
189.00128170119388 0.2586045454545455 
189.10127899510692 0.25821272727272726 
189.20127628901992 0.25782090909090905 
189.30127358293296 0.2574281818181818 
189.40127087684598 0.2570363636363636 
189.501268170759 0.2566445454545454 
189.6012851453046 0.25625181818181814 
189.7012824392176 0.25586 
189.80127973313063 0.2554681818181818 
189.90127702704368 0.25507545454545455 
190.00127432095667 0.25468363636363633 
190.10127161486972 0.2542918181818182 
190.20128858941527 0.2538990909090909 
190.3012858833283 0.2535072727272727 
190.4012831772413 0.25311545454545453 
190.50128047115433 0.25272272727272727 
190.60127776506738 0.25233090909090905 
190.70129473961293 0.2519390909090909 
190.80129203352598 0.25154636363636357 
190.90128932743897 0.25115454545454546 
191.00128662135202 0.25076272727272725 
191.10128391526504 0.25037 
191.20128120917806 0.2499781818181818 
191.30129818372362 0.2495863636363636 
191.40129547763664 0.24919363636363634 
191.50129277154969 0.24880181818181815 
191.60129006546273 0.24840909090909088 
191.70128735937573 0.2480172727272727 
191.80128465328877 0.24762545454545454 
191.90130162783433 0.24723272727272724 
192.00129892174735 0.24684090909090908 
192.10129621566037 0.2464490909090909 
192.2012935095734 0.2460572727272727 
192.30129080348644 0.24566454545454544 
192.401307778032 0.24527272727272723 
192.50130507194504 0.2448809090909091 
192.60130236585803 0.24448818181818177 
192.70129965977108 0.24409636363636364 
192.8012969536841 0.24370363636363632 
192.90129424759712 0.24331181818181818 
193.00131122214268 0.24292 
193.1013085160557 0.24252727272727273 
193.20130580996874 0.24213545454545451 
193.30130310388174 0.24174363636363633 
193.40130039779478 0.24135090909090906 
193.50129769170783 0.24095909090909087 
193.6013146662534 0.24056727272727274 
193.7013119601664 0.24017454545454542 
193.80130925407943 0.2397827272727273 
193.90130654799245 0.23939090909090907 
194.0013038419055 0.2389981818181818 
194.10132081645105 0.23860636363636362 
194.20131811036404 0.23821454545454543 
194.3013154042771 0.23782181818181816 
194.40131269819014 0.23742999999999997 
194.50130999210316 0.2370381818181818 
194.60130728601618 0.23664545454545452 
194.70132426056173 0.23625363636363636 
194.80132155447475 0.23586181818181817 
194.9013188483878 0.2354690909090909 
195.0013161423008 0.23507727272727272 
195.10131343621384 0.23468545454545453 
195.2013107301269 0.23429272727272726 
195.30132770467245 0.23390090909090908 
195.40132499858547 0.2335081818181818 
195.5013222924985 0.23311636363636362 
195.6013195864115 0.2327245454545454 
195.70131688032455 0.23233181818181814 
195.8013338548701 0.23194 
195.9013311487831 0.23154818181818182 
196.00132844269615 0.23115545454545455 
196.1013257366092 0.23076363636363637 
196.2013230305222 0.23037181818181815 
196.30132032443524 0.2299790909090909 
196.4013372989808 0.2295872727272727 
196.5013345928938 0.2291954545454545 
196.60133188680686 0.22880272727272724 
196.70132918071985 0.22841090909090905 
196.8013264746329 0.2280190909090909 
196.90132376854595 0.2276263636363636 
197.0013407430915 0.22723454545454544 
197.1013380370045 0.22684272727272725 
197.20133533091754 0.22644999999999998 
197.30133262483056 0.2260581818181818 
197.4013299187436 0.22566636363636364 
197.50134689328917 0.22527363636363634 
197.60134418720216 0.22488181818181818 
197.7013414811152 0.22448999999999997 
197.80133877502826 0.2240972727272727 
197.90133606894125 0.2237054545454545 
198.0013333628543 0.22331363636363635 
198.10135033739985 0.22292090909090906 
198.20134763131287 0.2225290909090909 
198.30134492522592 0.22213636363636363 
198.4013422191389 0.22174454545454544 
198.50133951305196 0.22135272727272726 
198.6013564875975 0.22096 
198.70135378151056 0.2205681818181818 
198.80135107542355 0.22017636363636361 
198.9013483693366 0.21978363636363635 
199.00134566324962 0.21939181818181816 
199.10134295716264 0.21899999999999997 
199.20135993170823 0.2186072727272727 
199.30135722562122 0.21821545454545452 
199.40135451953427 0.21782363636363636 
199.50135181344731 0.21743090909090906 
199.6013491073603 0.2170390909090909 
199.70134640127336 0.21664727272727272 
199.8013633758189 0.21625454545454545 
199.90136066973193 0.21586272727272726 
200.00135796364495 0.21547090909090907 
200.10135525755797 0.21507818181818178 
200.20135255147102 0.21468636363636362 
200.30136952601657 0.21429454545454543 
200.40136681992962 0.21390181818181817 
200.5013641138426 0.21350999999999998 
200.60136140775566 0.2131181818181818 
200.70135870166868 0.21272545454545455 
200.8013559955817 0.21233363636363634 
200.90137297012726 0.21194181818181818 
201.00137026404028 0.21154909090909088 
201.10136755795332 0.21115727272727272 
201.20136485186637 0.21076545454545453 
201.30136214577936 0.21037272727272727 
201.40135943969238 0.20998090909090905 
201.50137641423797 0.2095890909090909 
201.601373708151 0.2091963636363636 
201.701371002064 0.20880454545454544 
201.80136829597703 0.20841272727272728 
201.90136558989008 0.20801999999999998 
202.00138256443563 0.20762818181818182 
202.10137985834868 0.2072363636363636 
202.20137715226167 0.20684363636363634 
202.30137444617472 0.20645181818181815 
202.40137174008774 0.20606 
202.50136903400076 0.2056672727272727 
202.6013860085463 0.20527545454545454 
202.70138330245933 0.20488363636363632 
202.80138059637238 0.20449090909090908 
202.90137789028537 0.20409909090909087 
203.00137518419842 0.2037072727272727 
203.10137247811144 0.20331454545454544 
203.20138945265703 0.20292272727272725 
203.30138674657005 0.2025309090909091 
203.40138404048307 0.2021381818181818 
203.5013813343961 0.20174636363636364 
203.60137862830913 0.20135454545454542 
203.7013956028547 0.20096181818181816 
203.80139289676774 0.20056999999999997 
203.90139019068073 0.2001781818181818 
204.00138748459378 0.19978545454545452 
204.1013847785068 0.19939363636363636 
204.2013820724198 0.19900181818181817 
204.30139904696537 0.1986090909090909 
204.4013963408784 0.19821727272727271 
204.50139363479144 0.19782545454545453 
204.60139092870443 0.19743272727272726 
204.70138822261748 0.19704090909090907 
204.8013855165305 0.1966490909090909 
204.90140249107608 0.19625636363636362 
205.0013997849891 0.19586454545454543 
205.10139707890212 0.19547272727272724 
205.20139437281514 0.19507999999999998 
205.3013916667282 0.1946881818181818 
205.40140864127375 0.19429636363636363 
205.50140593518674 0.19390363636363636 
205.6014032290998 0.19351181818181817 
205.7014005230128 0.19311999999999999 
205.80139781692583 0.19272727272727272 
205.90139511083885 0.19233545454545453 
206.00141208538443 0.19194363636363634 
206.10140937929745 0.19155090909090908 
206.2014066732105 0.1911590909090909 
206.3014039671235 0.1907672727272727 
206.40140126103654 0.19037454545454544 
206.50139855494956 0.18998272727272725 
206.60141552949514 0.1895909090909091 
206.70141282340816 0.1891981818181818 
206.80141011732115 0.18880636363636363 
206.9014074112342 0.18841454545454545 
207.00140470514725 0.18802181818181818 
207.1014216796928 0.18763 
207.2014189736058 0.1872381818181818 
207.30141626751885 0.1868454545454545 
207.40141356143187 0.18645363636363635 
207.5014108553449 0.18606181818181816 
207.6014081492579 0.1856690909090909 
207.7014251238035 0.1852772727272727 
207.8014224177165 0.18488545454545452 
207.90141971162956 0.18449272727272728 
208.00141700554255 0.18410090909090907 
208.1014142994556 0.1837090909090909 
208.20141159336862 0.1833163636363636 
208.30142856791417 0.18292454545454545 
208.4014258618272 0.18253272727272726 
208.5014231557402 0.18214 
208.60142044965326 0.18174818181818178 
208.7014177435663 0.18135636363636362 
208.80143471811186 0.18096363636363633 
208.90143201202486 0.18057181818181817 
209.0014293059379 0.18018 
209.10142659985092 0.1797872727272727 
209.20142389376394 0.17939545454545455 
209.30142118767697 0.17900363636363634 
209.40143816222255 0.17861090909090907 
209.50143545613557 0.17821909090909088 
209.60143275004862 0.17782727272727272 
209.7014300439616 0.17743454545454543 
209.80142733787466 0.17704272727272727 
209.90142463178768 0.17665090909090905 
210.00144160633323 0.1762581818181818 
210.10143890024625 0.17586636363636363 
210.20143619415927 0.17547454545454544 
210.30143348807232 0.17508181818181817 
210.4014307819853 0.17468999999999998 
210.50144775653092 0.17429818181818182 
210.6014450504439 0.17390545454545453 
210.70144234435696 0.17351363636363634 
210.80143963826998 0.17312181818181815 
210.901436932183 0.1727290909090909 
211.00143422609602 0.1723372727272727 
211.10145120064158 0.17194545454545454 
211.20144849455463 0.17155272727272725 
211.30144578846762 0.17116090909090909 
211.40144308238067 0.1707690909090909 
211.50144037629371 0.17037636363636363 
211.60143767020674 0.16998454545454544 
211.7014546447523 0.16959272727272726 
211.8014519386653 0.1692 
211.90144923257833 0.1688081818181818 
212.00144652649138 0.16841636363636364 
212.10144382040437 0.16802363636363635 
212.20146079494995 0.16763181818181816 
212.30145808886297 0.16723999999999997 
212.40145538277602 0.1668472727272727 
212.50145267668904 0.16645545454545455 
212.60144997060206 0.16606363636363636 
212.70144726451508 0.1656709090909091 
212.80146423906064 0.1652790909090909 
212.90146153297368 0.16488727272727272 
213.00145882688668 0.16449454545454545 
213.10145612079972 0.16410272727272726 
213.20145341471277 0.16371090909090907 
213.30145070862577 0.1633181818181818 
213.40146768317135 0.16292636363636362 
213.50146497708437 0.16253454545454543 
213.6014622709974 0.16214181818181816 
213.70145956491044 0.16174999999999998 
213.80145685882343 0.16135818181818182 
213.90147383336898 0.16096545454545452 
214.00147112728203 0.16057363636363636 
214.10146842119508 0.16018181818181818 
214.20146571510807 0.1597890909090909 
214.30146300902112 0.15939727272727272 
214.40146030293414 0.15900545454545453 
214.5014772774797 0.15861272727272724 
214.60147457139274 0.15822090909090908 
214.70147186530573 0.1578290909090909 
214.80146915921878 0.1574372727272727 
214.90146645313183 0.15704454545454546 
215.00146374704482 0.15665272727272725 
215.10148072159038 0.1562609090909091 
215.20147801550343 0.1558681818181818 
215.30147530941645 0.15547636363636363 
215.4014726033295 0.15508454545454545 
215.5014698972425 0.15469181818181818 
215.60148687178804 0.1543 
215.7014841657011 0.1539081818181818 
215.80148145961414 0.1535154545454545 
215.90147875352713 0.15312363636363635 
216.00147604744018 0.15273181818181816 
216.1014733413532 0.1523390909090909 
216.20149031589875 0.15194727272727274 
216.3014876098118 0.15155545454545452 
216.4014849037248 0.15116272727272728 
216.50148219763784 0.15077090909090907 
216.6014794915509 0.1503790909090909 
216.70147678546388 0.1499863636363636 
216.80149376000944 0.14959454545454545 
216.90149105392248 0.14920272727272726 
217.0014883478355 0.14881 
217.10148564174852 0.14841818181818178 
217.20148293566155 0.14802636363636362 
217.3014999102071 0.14763363636363636 
217.40149720412015 0.14724181818181817 
217.5014944980332 0.14685 
217.6014917919462 0.1464581818181818 
217.70148908585924 0.14606545454545455 
217.80148637977226 0.14567363636363634 
217.9015033543178 0.14528181818181818 
218.00150064823083 0.14488909090909088 
218.10149794214385 0.14449727272727272 
218.2014952360569 0.14410545454545454 
218.30149252996992 0.14371272727272727 
218.4015095045155 0.14332090909090905 
218.5015067984285 0.1429290909090909 
218.60150409234154 0.14253636363636363 
218.70150138625456 0.14214454545454544 
218.80149868016758 0.14175272727272728 
218.9014959740806 0.14135999999999999 
219.00151294862616 0.14096818181818183 
219.1015102425392 0.1405763636363636 
219.20150753645225 0.14018363636363637 
219.30150483036525 0.13979181818181816 
219.4015021242783 0.1394 
219.50149941819132 0.1390072727272727 
219.60151639273687 0.13861545454545454 
219.7015136866499 0.13822363636363635 
219.8015109805629 0.13783181818181817 
219.90150827447596 0.1374390909090909 
220.00150556838895 0.1370472727272727 
220.10152254293456 0.13665545454545455 
220.20151983684755 0.13626272727272726 
220.3015171307606 0.1358709090909091 
220.40151442467362 0.13547909090909088 
220.50151171858664 0.13508636363636364 
220.60150901249966 0.13469454545454543 
220.70152598704522 0.13430272727272727 
220.80152328095826 0.13390999999999997 
220.90152057487126 0.1335181818181818 
221.0015178687843 0.13312636363636363 
221.10151516269732 0.13273363636363636 
221.20151245661037 0.13234181818181817 
221.30152943115593 0.13194999999999998 
221.40152672506895 0.13155818181818182 
221.50152401898197 0.13116545454545453 
221.60152131289502 0.13077363636363637 
221.701518606808 0.13038181818181815 
221.80153558135362 0.12998909090909092 
221.9015328752666 0.1295972727272727 
222.00153016917966 0.12920545454545454 
222.10152746309268 0.12881272727272725 
222.2015247570057 0.12842090909090909 
222.30152205091872 0.1280290909090909 
222.40153902546427 0.12763636363636363 
222.50153631937732 0.12724454545454544 
222.60153361329031 0.12685272727272726 
222.70153090720336 0.12646 
222.80152820111638 0.1260681818181818 
222.9015254950294 0.12567636363636364 
223.00154246957499 0.12528363636363635 
223.101539763488 0.12489181818181817 
223.20153705740103 0.12449999999999999 
223.30153435131407 0.12410818181818181 
223.40153164522707 0.12371545454545455 
223.50154861977262 0.12332363636363636 
223.60154591368567 0.12293181818181818 
223.7015432075987 0.12253909090909089 
223.80154050151174 0.12214727272727273 
223.90153779542473 0.12175545454545453 
224.00153508933778 0.12136272727272727 
224.10155206388333 0.12097090909090907 
224.20154935779638 0.1205790909090909 
224.30154665170937 0.12018636363636362 
224.40154394562242 0.11979454545454545 
224.50154123953544 0.11940272727272726 
224.60153853344846 0.11901090909090908 
224.70155550799404 0.11861818181818182 
224.80155280190706 0.11822636363636363 
224.90155009582008 0.11783454545454546 
225.00154738973313 0.11744181818181816 
225.10154468364613 0.11705 
225.20156165819168 0.1166581818181818 
225.30155895210473 0.11626545454545455 
225.40155624601775 0.11587363636363635 
225.50155353993077 0.11548181818181817 
225.6015508338438 0.11508909090909089 
225.70154812775684 0.11469727272727272 
225.8015651023024 0.11430545454545453 
225.90156239621544 0.11391272727272726 
226.00155969012843 0.11352090909090908 
226.10155698404148 0.1131290909090909 
226.2015542779545 0.11273727272727271 
226.30155157186752 0.11234454545454545 
226.40156854641307 0.11195272727272726 
226.5015658403261 0.11156090909090909 
226.60156313423914 0.11116818181818182 
226.7015604281522 0.11077636363636363 
226.80155772206518 0.11038454545454544 
226.90157469661074 0.10999181818181818 
227.0015719905238 0.10959999999999999 
227.1015692844368 0.10920818181818182 
227.20156657834983 0.10881545454545453 
227.30156387226285 0.10842363636363635 
227.4015611661759 0.10803181818181817 
227.50157814072145 0.10763999999999999 
227.6015754346345 0.10724727272727272 
227.7015727285475 0.10685545454545455 
227.80157002246054 0.10646363636363636 
227.90156731637356 0.10607090909090909 
228.00156461028658 0.1056790909090909 
228.10158158483213 0.10528727272727272 
228.20157887874515 0.10489454545454545 
228.3015761726582 0.10450272727272726 
228.4015734665712 0.10411090909090909 
228.50157076048424 0.1037190909090909 
228.6015877350298 0.10332636363636362 
228.70158502894284 0.10293454545454545 
228.80158232285586 0.10254272727272726 
228.90157961676888 0.10214999999999999 
229.0015769106819 0.10175818181818182 
229.10157420459495 0.10136636363636363 
229.2015911791405 0.10097363636363636 
229.3015884730535 0.10058181818181818 
229.40158576696655 0.10018999999999999 
229.5015830608796 0.09979818181818181 
229.60158035479262 0.09940545454545453 
229.70157764870564 0.09901363636363636 
229.8015946232512 0.09862181818181817 
229.9015919171642 0.09822909090909089 
230.00158921107726 0.09783727272727272 
230.10158650499025 0.09744545454545453 
230.2015837989033 0.09705272727272728 
230.30160077344885 0.09666090909090909 
230.4015980673619 0.0962690909090909 
230.50159536127492 0.09587727272727273 
230.60159265518794 0.09548454545454545 
230.70158994910096 0.09509272727272726 
230.801587243014 0.09470090909090909 
230.90160421755957 0.0943081818181818 
231.00160151147256 0.09391636363636363 
231.1015988053856 0.09352454545454544 
231.20159609929865 0.09313181818181816 
231.30159339321165 0.09273999999999999 
231.4015906871247 0.09234818181818182 
231.50160766167025 0.09195636363636363 
231.60160495558327 0.09156363636363636 
231.70160224949632 0.09117181818181817 
231.8015995434093 0.09078 
231.90159683732236 0.09038727272727272 
232.0016138118679 0.08999545454545453 
232.10161110578096 0.08960363636363636 
232.20160839969395 0.08921181818181817 
232.301605693607 0.0888190909090909 
232.40160298752002 0.08842727272727272 
232.50160028143307 0.08803545454545453 
232.60161725597862 0.08764272727272727 
232.70161454989162 0.08725090909090909 
232.80161184380466 0.0868590909090909 
232.9016091377177 0.08646636363636363 
233.0016064316307 0.08607454545454545 
233.10160372554375 0.08568272727272727 
233.2016207000893 0.08529090909090908 
233.30161799400233 0.08489818181818182 
233.40161528791538 0.08450636363636363 
233.50161258182837 0.08411454545454544 
233.60160987574142 0.08372181818181818 
233.70162685028697 0.08332999999999999 
233.80162414420002 0.0829381818181818 
233.901621438113 0.08254545454545455 
234.00161873202606 0.08215363636363636 
234.10161602593908 0.08176181818181819 
234.2016133198521 0.08137 
234.30163029439768 0.08097727272727272 
234.40162758831067 0.08058545454545454 
234.50162488222372 0.08019363636363636 
234.60162217613677 0.07980090909090909 
234.70161947004976 0.0794090909090909 
234.8016167639628 0.07901727272727271 
234.90163373850837 0.07862545454545454 
235.0016310324214 0.07823272727272726 
235.1016283263344 0.07784090909090909 
235.20162562024743 0.07744909090909091 
235.30162291416048 0.07705636363636363 
235.40163988870603 0.07666454545454546 
235.50163718261908 0.07627272727272727 
235.60163447653207 0.07588090909090908 
235.70163177044512 0.07548818181818182 
235.80162906435814 0.07509636363636363 
235.90162635827116 0.07470454545454544 
236.0016433328167 0.07431181818181817 
236.10164062672973 0.07391999999999999 
236.20163792064278 0.07352818181818181 
236.30163521455583 0.07313636363636362 
236.40163250846882 0.07274363636363636 
236.50162980238184 0.07235181818181818 
236.60164677692742 0.07196 
236.70164407084044 0.07156727272727273 
236.80164136475346 0.07117545454545454 
236.90163865866649 0.07078363636363635 
237.00163595257953 0.07039181818181818 
237.1016529271251 0.0699990909090909 
237.20165022103814 0.06960727272727273 
237.30164751495113 0.06921545454545454 
237.40164480886418 0.06882272727272726 
237.5016421027772 0.06843090909090908 
237.60163939669022 0.06803909090909091 
237.70165637123577 0.06764727272727272 
237.8016536651488 0.06725454545454546 
237.90165095906184 0.06686272727272727 
238.00164825297483 0.0664709090909091 
238.10164554688788 0.06607818181818181 
238.20166252143343 0.06568636363636363 
238.30165981534648 0.06529454545454545 
238.4016571092595 0.06490181818181817 
238.50165440317252 0.06451 
238.60165169708554 0.06411818181818181 
238.7016489909986 0.06372636363636362 
238.80166596554415 0.06333363636363637 
238.9016632594572 0.06294181818181818 
239.0016605533702 0.06255 
239.10165784728324 0.06215727272727273 
239.20165514119626 0.06176545454545454 
239.30165243510925 0.06137363636363636 
239.40166940965483 0.06098181818181818 
239.50166670356785 0.060589090909090905 
239.6016639974809 0.06019727272727272 
239.7016612913939 0.05980545454545454 
239.80165858530694 0.05941272727272726 
239.9016755598525 0.05902090909090908 
240.00167285376554 0.0586290909090909 
240.10167014767856 0.05823727272727273 
240.20166744159158 0.057844545454545454 
240.3016647355046 0.05745272727272727 
240.40166202941765 0.05706090909090909 
240.5016790039632 0.05666818181818181 
240.6016762978762 0.05627636363636363 
240.70167359178924 0.05588454545454545 
240.80167088570226 0.05549272727272727 
240.90166817961529 0.055099999999999996 
241.0016654735283 0.054708181818181816 
241.1016824480739 0.054316363636363635 
241.2016797419869 0.053924545454545454 
241.30167703589996 0.05353181818181818 
241.40167432981295 0.05313999999999999 
241.501671623726 0.05274818181818181 
241.60168859827155 0.052355454545454545 
241.7016858921846 0.051963636363636365 
241.80168318609762 0.05157181818181818 
241.90168048001064 0.051179999999999996 
242.00167777392366 0.05078727272727272 
242.1016750678367 0.05039545454545454 
242.20169204238226 0.050003636363636354 
242.30168933629525 0.04961090909090909 
242.4016866302083 0.04921909090909091 
242.50168392412132 0.048827272727272726 
242.60168121803434 0.04843545454545454 
242.70167851194736 0.048042727272727265 
242.80169548649295 0.047650909090909084 
242.90169278040597 0.04725909090909091 
243.00169007431901 0.04686636363636364 
243.101687368232 0.04647454545454545 
243.20168466214506 0.04608272727272727 
243.3017016366906 0.04569090909090909 
243.40169893060363 0.045298181818181814 
243.50169622451665 0.04490636363636363 
243.60169351842967 0.04451454545454545 
243.70169081234272 0.04412181818181818 
243.80168810625577 0.04373 
243.90170508080132 0.04333818181818181 
244.0017023747143 0.04294636363636363 
244.10169966862736 0.04255363636363636 
244.20169696254038 0.04216181818181818 
244.3016942564534 0.04177 
244.40169155036642 0.041378181818181814 
244.501708524912 0.04098545454545454 
244.60170581882502 0.04059363636363636 
244.70170311273807 0.04020181818181818 
244.80170040665107 0.039809090909090905 
244.9016977005641 0.039417272727272724 
245.00171467510967 0.039025454545454544 
245.1017119690227 0.03863363636363636 
245.2017092629357 0.03824090909090909 
245.30170655684873 0.0378490909090909 
245.40170385076178 0.03745727272727272 
245.50170114467477 0.037064545454545454 
245.60171811922038 0.036672727272727274 
245.70171541313337 0.036280909090909086 
245.80171270704642 0.035889090909090905 
245.90171000095944 0.03549636363636363 
246.00170729487246 0.03510454545454545 
246.10170458878548 0.03471272727272727 
246.20172156333103 0.03432090909090909 
246.30171885724408 0.033928181818181816 
246.40171615115707 0.033536363636363635 
246.50171344507012 0.03314454545454545 
246.60171073898317 0.03275181818181818 
246.70172771352873 0.03236 
246.80172500744175 0.03196818181818182 
246.90172230135477 0.03157636363636363 
247.0017195952678 0.03118363636363636 
247.10171688918084 0.030791818181818177 
247.20171418309383 0.030399999999999996 
247.3017311576394 0.030008181818181812 
247.40172845155243 0.029615454545454546 
247.50172574546548 0.02922363636363636 
247.6017230393785 0.02883181818181818 
247.70172033329152 0.028439090909090907 
247.80171762720454 0.028047272727272726 
247.9017346017501 0.027655454545454542 
248.00173189566314 0.02726363636363636 
248.10172918957613 0.02687090909090909 
248.20172648348918 0.026479090909090907 
248.30172377740223 0.026087272727272723 
248.40174075194778 0.025694545454545453 
248.5017380458608 0.025302727272727272 
248.60173533977382 0.024910909090909088 
248.70173263368685 0.024519090909090907 
248.8017299275999 0.024126363636363633 
248.90172722151289 0.023734545454545453 
249.00174419605844 0.02334272727272727 
249.1017414899715 0.02295090909090909 
249.20173878388454 0.022558181818181814 
249.30173607779753 0.022166363636363633 
249.40173337171058 0.021774545454545453 
249.5017306656236 0.021382727272727272 
249.60174764016915 0.020989999999999998 
249.7017449340822 0.020598181818181818 
249.8017422279952 0.020206363636363633 
249.90173952190824 0.01981363636363636 
250.0017368158213 0.019421818181818182 
250.10175379036684 0.01903 
250.20175108427983 0.018638181818181818 
250.30174837819288 0.018245454545454544 
250.4017456721059 0.017853636363636363 
250.50174296601895 0.01746181818181818 
250.60174025993194 0.01707 
250.7017572344775 0.016677272727272725 
250.80175452839055 0.016285454545454544 
250.9017518223036 0.01589363636363636 
251.0017491162166 0.01550181818181818 
251.10174641012964 0.015109090909090907 
251.20174370404266 0.014717272727272725 
251.3017606785882 0.014325454545454546 
251.40175797250126 0.01393272727272727 
251.50175526641425 0.01354090909090909 
251.6017525603273 0.013149090909090907 
251.70174985424035 0.012757272727272726 
251.8017668287859 0.012364545454545454 
251.9017641226989 0.011972727272727272 
252.00176141661194 0.01158090909090909 
252.10175871052496 0.011189090909090907 
252.20175600443798 0.010796363636363635 
252.301753298351 0.010404545454545455 
252.40177027289656 0.010012727272727272 
252.5017675668096 0.00962090909090909 
252.60176486072265 0.009228181818181818 
252.70176215463565 0.008836363636363635 
252.8017594485487 0.008444545454545455 
252.9017567424617 0.00805181818181818 
253.00177371700727 0.007659999999999999 
253.1017710109203 0.007268181818181818 
253.2017683048333 0.006876363636363636 
253.30176559874636 0.006483636363636363 
253.40176289265938 0.006091818181818182 
253.50177986720496 0.0057 
253.60177716111795 0.005308181818181818 
253.701774455031 0.004915454545454546 
253.80177174894402 0.004523636363636363 
253.90176904285704 0.004131818181818182 
254.00176633677006 0.0037399999999999994 
254.10178331131561 0.003347272727272727 
254.20178060522866 0.0029554545454545454 
254.3017778991417 0.0025636363636363634 
254.4017751930547 0.002171818181818182 
254.50177248696775 0.001779090909090909 
254.60176978088077 0.0 
254.70178675542633 0.0 
254.80178404933935 0.0 
254.90178134325237 0.0 
255.00177863716542 0.0 
255.1017759310784 0.0 
255.20179290562402 0.0 
255.301790199537 0.0 
255.40178749345006 0.0 
255.50178478736308 0.0 
255.6017820812761 0.0 
255.70177937518912 0.0 
255.80179634973467 0.0 
255.90179364364772 0.0 
256.0017909375607 0.0 
256.10178823147373 0.0 
256.2017855253868 0.0 
256.30178281929983 0.0 
256.4017997938454 0.0 
256.5017970877584 0.0 
256.6017943816714 0.0 
256.70179167558445 0.0 
256.80178896949747 0.0 
256.9018059440431 0.0 
257.00180323795604 0.0 
257.1018005318691 0.0 
257.20179782578214 0.0 
257.30179511969516 0.0 
257.4017924136082 0.0 
257.50180938815373 0.0 
257.60180668206675 0.0 
257.7018039759798 0.0 
257.8018012698928 0.0 
257.90179856380587 0.0 
258.00179585771883 0.0 
258.10181283226444 0.0 
258.20181012617746 0.0 
258.3018074200905 0.0 
258.4018047140035 0.0 
258.5018020079165 0.0 
258.6018189824621 0.0 
258.7018162763751 0.0 
258.8018135702882 0.0 
258.9018108642012 0.0 
259.0018081581142 0.0 
259.10180545202724 0.0 
259.2018224265728 0.0 
259.3018197204858 0.0 
259.40181701439883 0.0 
259.50181430831185 0.0 
259.6018116022249 0.0 
259.7018285767705 0.0 
259.8018258706835 0.0 
259.9018231645965 0.0 
