time d2 
0.0 1.0 
0.10000006150197668 0.9996072727272728 
0.20000012300395337 0.9992154545454545 
0.29999987699604663 0.9988236363636362 
0.3999999384980233 0.998431818181818 
0.5 0.9980399999999999 
0.6000000615019767 0.9976481818181817 
0.7000001230039533 0.9972563636363635 
0.80000018450593 0.9968645454545454 
0.9000002460079067 0.9964727272727272 
1.0 0.996080909090909 
1.1000000615019767 0.9956890909090909 
1.2000001230039534 0.9952972727272726 
1.3000001845059301 0.9949054545454544 
1.4000002460079066 0.9945136363636363 
1.5000003075098836 0.9941218181818181 
1.60000036901186 0.9937290909090909 
1.700000430513837 0.9933381818181818 
1.8000004920158135 0.9929454545454546 
1.90000055351779 0.9925545454545454 
2.0000006150197667 0.992161818181818 
2.100000676521743 0.9917699999999998 
2.20000073802372 0.9913781818181818 
2.3000007995256966 0.9909872727272727 
2.4000008610276735 0.9905945454545453 
2.500000615019767 0.9902027272727273 
2.6000003690118603 0.989810909090909 
2.700000430513837 0.9894190909090907 
2.8000001845059304 0.9890272727272728 
2.900000246007907 0.9886354545454544 
3.0 0.9882436363636362 
3.099999753992093 0.9878518181818182 
3.19999981549407 0.9874599999999999 
3.2999995694861632 0.9870681818181817 
3.39999963098814 0.9866763636363637 
3.4999993849802333 0.9862845454545454 
3.5999994464822103 0.9858927272727271 
3.6999992004743034 0.9855009090909091 
3.79999926197628 0.9851090909090908 
3.899999015968373 0.9847172727272726 
3.99999907747035 0.9843254545454546 
4.099998831462443 0.9839336363636363 
4.199998585454536 0.9835418181818181 
4.299998646956513 0.9831490909090909 
4.399998400948606 0.9827572727272725 
4.499998462450583 0.9823663636363635 
4.5999982164426765 0.9819745454545453 
4.699998277944653 0.981581818181818 
4.799998031936746 0.98119 
4.8999980934387235 0.9807981818181818 
4.999998154940699 0.9804063636363635 
5.0999982164426765 0.9800145454545455 
5.199998277944653 0.9796227272727273 
5.299998646956513 0.9792309090909089 
5.399999015968373 0.9788390909090909 
5.499999384980233 0.9784472727272727 
5.5999991389723265 0.9780554545454544 
5.699999507984186 0.9776636363636364 
5.799999876996047 0.9772718181818182 
5.89999963098814 0.9768799999999999 
6.0 0.9764881818181816 
6.10000036901186 0.9760963636363637 
6.200000123003954 0.9757045454545453 
6.300000492015814 0.9753127272727271 
6.4000008610276735 0.9749209090909091 
6.500001230039534 0.9745281818181818 
6.6000009840316265 0.9741372727272726 
6.700001353043486 0.9737445454545454 
6.800001722055348 0.9733527272727273 
6.90000147604744 0.972960909090909 
7.0000018450593 0.9725690909090908 
7.10000221407116 0.9721772727272727 
7.200001968063254 0.9717854545454545 
7.300002337075114 0.9713936363636363 
7.4000027060869735 0.9710018181818182 
7.500003075098833 0.97061 
7.600002829090927 0.9702181818181818 
7.700003198102787 0.9698263636363634 
7.800003567114647 0.9694345454545454 
7.900003321106741 0.9690427272727272 
8.000003690118602 0.9686509090909089 
8.10000405913046 0.9682590909090909 
8.200003813122553 0.9678672727272727 
8.300004182134414 0.9674754545454544 
8.400004551146274 0.9670836363636364 
8.500004920158135 0.9666918181818182 
8.600004674150227 0.9662990909090908 
8.700005043162086 0.9659081818181818 
8.800005412173947 0.9655163636363636 
8.900005166166041 0.9651236363636363 
9.0000055351779 0.9647318181818181 
9.10000590418976 0.96434 
9.200006273201621 0.9639490909090908 
9.300006027193714 0.9635563636363635 
9.400006396205574 0.9631645454545453 
9.500006765217435 0.9627727272727272 
9.600006519209527 0.962380909090909 
9.700006888221388 0.9619890909090908 
9.800007257233247 0.9615972727272727 
9.900007011225341 0.9612054545454545 
10.000006765217435 0.9608136363636363 
10.100006519209527 0.9604218181818182 
10.20000627320162 0.9600299999999999 
10.300005412173947 0.9596381818181817 
10.400005166166041 0.9592463636363636 
10.500004920158133 0.9588545454545454 
10.600004674150227 0.9584627272727272 
10.700004428142321 0.9580709090909091 
10.800004182134414 0.9576790909090909 
10.900002706086974 0.9572872727272727 
11.000002460079068 0.9568954545454545 
11.100002214071159 0.9565036363636363 
11.200001968063253 0.9561118181818181 
11.300001722055347 0.9557199999999998 
11.400001476047441 0.9553281818181818 
11.500001230039535 0.9549354545454545 
11.600000984031627 0.9545445454545453 
11.699999507984186 0.9541527272727273 
11.79999926197628 0.9537599999999999 
11.899999015968374 0.9533681818181817 
11.999998769960467 0.9529763636363635 
12.099998523952559 0.9525845454545454 
12.199998277944653 0.9521927272727272 
12.299998031936747 0.951800909090909 
12.399997785928841 0.9514090909090909 
12.4999963098814 0.9510172727272727 
12.599996063873494 0.9506254545454544 
12.699995817865586 0.9502336363636363 
12.79999557185768 0.9498418181818181 
12.899995325849773 0.9494499999999999 
12.999995079841867 0.9490581818181817 
13.099994833833959 0.9486663636363636 
13.199994587826053 0.9482745454545454 
13.299993111778612 0.9478827272727272 
13.399992865770706 0.947490909090909 
13.4999926197628 0.9470990909090908 
13.599992373754894 0.9467072727272726 
13.699992127746986 0.9463154545454545 
13.799991881739079 0.9459236363636363 
13.899991635731173 0.9455318181818181 
13.999991389723267 0.94514 
14.099989913675826 0.9447481818181818 
14.199989667667918 0.9443563636363635 
14.299989421660012 0.9439645454545454 
14.399989175652106 0.9435727272727272 
14.4999889296442 0.943180909090909 
14.599988683636294 0.9427890909090909 
14.699988437628384 0.9423972727272727 
14.799988191620479 0.9420045454545454 
14.89998671557304 0.9416127272727272 
14.999986469565131 0.9412209090909089 
15.099986223557226 0.9408290909090908 
15.199985977549318 0.9404381818181816 
15.299985731541412 0.9400454545454544 
15.399985485533506 0.9396536363636363 
15.4999852395256 0.9392618181818181 
15.59998499351769 0.9388699999999999 
15.699983517470253 0.9384781818181818 
15.799983271462345 0.9380863636363636 
15.899983025454437 0.9376945454545453 
15.999982779446531 0.9373027272727272 
16.099982533438624 0.936910909090909 
16.199982287430718 0.9365190909090908 
16.299982041422812 0.9361272727272727 
16.399981795414906 0.9357354545454545 
16.499980319367467 0.9353436363636363 
16.599980073359557 0.934951818181818 
16.69997982735165 0.93456 
16.799979581343745 0.9341681818181817 
16.89997933533584 0.9337763636363635 
16.99997908932793 0.9333845454545454 
17.099978843320024 0.9329927272727272 
17.199978597312118 0.932600909090909 
17.29997712126468 0.9322090909090909 
17.399976875256773 0.9318172727272727 
17.499976629248867 0.9314254545454544 
17.599976383240957 0.9310336363636363 
17.69997613723305 0.9306409090909091 
17.799975891225145 0.9302490909090908 
17.89997564521724 0.9298572727272726 
17.99997539920933 0.9294654545454546 
18.09997392316189 0.9290736363636363 
18.199973677153984 0.928681818181818 
18.29997343114608 0.9282900000000001 
18.399973185138172 0.9278981818181817 
18.499972939130267 0.9275063636363635 
18.599972693122357 0.9271145454545453 
18.69997244711445 0.9267227272727272 
18.799972201106545 0.926330909090909 
18.899970725059102 0.9259390909090908 
18.999970479051196 0.9255472727272727 
19.09997023304329 0.9251554545454544 
19.199969987035384 0.9247636363636362 
19.29996974102748 0.9243718181818181 
19.399969495019572 0.9239799999999999 
19.499969249011663 0.9235881818181817 
19.599969003003757 0.9231963636363636 
19.69996875699585 0.9228045454545454 
19.799969741027475 0.9224127272727272 
19.899970725059106 0.9220209090909091 
19.99997170909073 0.9216290909090908 
20.099972693122357 0.9212372727272726 
20.199973677153984 0.9208454545454545 
20.29997343114608 0.9204536363636363 
20.399974415177702 0.9200618181818181 
20.499975399209333 0.9196699999999999 
20.599976383240957 0.9192781818181818 
20.69997613723305 0.9188863636363636 
20.799978351304212 0.9184936363636362 
20.899978105296306 0.9181027272727272 
20.999980319367467 0.91771 
21.09998007335956 0.9173181818181817 
21.19997982735165 0.9169263636363635 
21.299982041422812 0.9165345454545455 
21.399981795414906 0.9161427272727272 
21.499984009486063 0.915750909090909 
21.599983763478157 0.915359090909091 
21.69998351747025 0.9149672727272726 
21.799985731541412 0.9145754545454544 
21.899985485533502 0.9141836363636364 
21.999987699604667 0.9137918181818181 
22.09998745359676 0.9133999999999999 
22.19998966766792 0.9130081818181817 
22.299989421660012 0.9126163636363636 
22.399989175652106 0.9122245454545453 
22.499991389723267 0.9118327272727271 
22.59999114371536 0.911440909090909 
22.699993357786518 0.9110490909090908 
22.799993111778612 0.9106572727272726 
22.899992865770706 0.9102654545454545 
22.999995079841863 0.9098736363636363 
23.099994833833957 0.9094818181818181 
23.19999704790512 0.90909 
23.299996801897215 0.9086981818181817 
23.399999015968373 0.9083063636363636 
23.499998769960467 0.9079145454545454 
23.59999852395256 0.9075227272727272 
23.70000073802372 0.907130909090909 
23.800000492015815 0.9067381818181817 
23.900002706086973 0.9063463636363636 
24.000002460079067 0.9059554545454545 
24.10000221407116 0.9055636363636363 
24.20000442814232 0.9051718181818181 
24.300004182134412 0.9047799999999999 
24.400006396205576 0.9043872727272726 
24.50000615019767 0.9039954545454545 
24.600005904189764 0.9036036363636363 
24.70000811826092 0.9032118181818181 
24.800007872253016 0.90282 
24.900010086324173 0.9024281818181817 
25.000009840316267 0.9020363636363635 
25.100012054387427 0.9016445454545454 
25.20001180837952 0.9012527272727272 
25.300011562371616 0.900860909090909 
25.400013776442776 0.9004690909090908 
25.500013530434867 0.9000772727272727 
25.60001574450603 0.8996854545454545 
25.700015498498125 0.8992936363636362 
25.800015252490216 0.8989018181818181 
25.900017466561376 0.8985099999999999 
26.00001722055347 0.8981181818181817 
26.100019434624627 0.8977263636363636 
26.20001918861672 0.8973345454545454 
26.300021402687882 0.8969427272727272 
26.400021156679976 0.8965509090909091 
26.500020910672067 0.8961590909090908 
26.60002312474323 0.8957672727272726 
26.700022878735325 0.8953754545454545 
26.800025092806482 0.8949836363636363 
26.900024846798576 0.8945918181818181 
27.00002460079067 0.8942 
27.10002681486183 0.8938081818181818 
27.200026568853925 0.8934163636363636 
27.300028782925082 0.8930245454545453 
27.400028536917176 0.8926327272727272 
27.50002829090927 0.892240909090909 
27.600030504980428 0.8918490909090908 
27.70003025897252 0.8914572727272727 
27.800032473043686 0.8910654545454545 
27.90003222703578 0.8906727272727273 
28.000034441106937 0.890280909090909 
28.10003419509903 0.8898890909090909 
28.200033949091125 0.8894972727272726 
28.300036163162286 0.8891054545454544 
28.400035917154376 0.8887136363636363 
28.500038131225537 0.8883218181818181 
28.60003788521763 0.8879299999999999 
28.700037639209725 0.8875381818181818 
28.800039853280882 0.8871463636363636 
28.900039607272976 0.8867545454545454 
29.00004182134414 0.8863627272727271 
29.100041575336235 0.885970909090909 
29.200043789407392 0.8855790909090908 
29.300043543399486 0.8851872727272726 
29.40004329739158 0.8847954545454545 
29.500045511462737 0.8844036363636363 
29.60004526545483 0.8840118181818181 
29.700047479525992 0.88362 
29.800047233518086 0.8832281818181817 
29.90004698751018 0.8828363636363635 
30.00004920158134 0.8824445454545454 
30.10004895557343 0.8820527272727272 
30.200051169644595 0.881660909090909 
30.30005092363669 0.8812690909090909 
30.40005067762878 0.8808772727272727 
30.50005289169994 0.8804854545454545 
30.600052645692035 0.8800936363636364 
30.700054859763192 0.8797018181818181 
30.800054613755286 0.8793099999999999 
30.900056827826447 0.8789181818181817 
31.000056581818537 0.8785263636363636 
31.10005633581063 0.8781345454545454 
31.200058549881795 0.8777427272727272 
31.300058303873886 0.8773509090909091 
31.400060517945047 0.8769590909090909 
31.50006027193714 0.8765672727272726 
31.600060025929235 0.8761754545454545 
31.700062240000396 0.8757836363636363 
31.80006199399249 0.8753918181818181 
31.900064208063647 0.875 
32.00006396205574 0.8746081818181817 
32.1000661761269 0.8742163636363636 
32.200065930118996 0.8738245454545455 
32.30006568411109 0.8734327272727271 
32.40006789818225 0.873040909090909 
32.500067652174344 0.8726490909090909 
32.600069866245505 0.8722572727272726 
32.7000696202376 0.8718654545454545 
32.80006937422969 0.8714736363636363 
32.90007158830085 0.8710818181818181 
33.00007134229294 0.87069 
33.1000735563641 0.8702981818181817 
33.200073310356196 0.8699063636363635 
33.30007306434829 0.8695145454545454 
33.40007527841945 0.8691227272727272 
33.500075032411544 0.8687299999999999 
33.600077246482705 0.8683390909090909 
33.7000770004748 0.8679463636363636 
33.80007921454596 0.8675545454545454 
33.900078968538054 0.8671627272727273 
34.00007872253014 0.8667718181818181 
34.1000809366013 0.8663799999999999 
34.200080690593396 0.8659881818181817 
34.300082904664556 0.8655954545454545 
34.40008265865665 0.8652036363636363 
34.500082412648744 0.8648118181818182 
34.6000846267199 0.86442 
34.70008438071199 0.8640281818181818 
34.80008659478316 0.8636363636363635 
34.900086348775254 0.8632445454545454 
35.00008856284641 0.8628527272727272 
35.1000883168385 0.862460909090909 
35.200088070830596 0.8620690909090909 
35.300090284901756 0.8616772727272727 
35.40009003889385 0.8612854545454545 
35.50009225296501 0.8608936363636364 
35.600092006957105 0.860501818181818 
35.7000917609492 0.8601099999999999 
35.80009397502035 0.8597181818181818 
35.90009372901245 0.8593263636363635 
36.000095943083615 0.8589345454545454 
36.10009569707571 0.8585427272727273 
36.20009791114686 0.858150909090909 
36.300097665138956 0.8577590909090909 
36.40009741913105 0.8573672727272728 
36.50009963320221 0.8569754545454544 
36.600099387194305 0.8565836363636363 
36.700101601265466 0.8561918181818181 
36.80010135525756 0.8557999999999999 
36.900101109249654 0.8554081818181818 
37.000103323320815 0.8550163636363636 
37.1001030773129 0.8546245454545454 
37.20010529138407 0.8542327272727273 
37.300105045376164 0.853840909090909 
37.40010479936826 0.8534490909090908 
37.50010701343941 0.8530572727272726 
37.600106767431505 0.8526654545454545 
37.700108981502666 0.8522736363636363 
37.80010873549476 0.8518818181818181 
37.90011094956592 0.85149 
38.000110703558015 0.8510981818181818 
38.10011045755011 0.8507063636363635 
38.20011267162127 0.8503145454545454 
38.30011242561336 0.8499227272727272 
38.400114639684524 0.849530909090909 
38.50011439367661 0.8491390909090909 
38.600114147668705 0.8487472727272726 
38.700116361739866 0.8483554545454545 
38.80011611573196 0.8479636363636364 
38.90011832980312 0.847571818181818 
39.000118083795215 0.8471799999999999 
39.100120297866376 0.8467881818181818 
39.20012005185846 0.8463963636363635 
39.30011980585056 0.8460045454545454 
39.400122019921724 0.8456127272727272 
39.50012177391381 0.845220909090909 
39.60012398798497 0.8448290909090909 
39.700123741977066 0.8444372727272726 
39.80012349596916 0.8440454545454544 
39.90012571004033 0.8436536363636363 
40.000125464032415 0.8432618181818181 
40.100127678103576 0.8428699999999999 
40.20012743209567 0.8424781818181818 
40.300127186087764 0.8420863636363636 
40.40012940015892 0.8416945454545454 
40.50012915415102 0.8413027272727271 
40.60013136822218 0.840910909090909 
40.700131122214266 0.8405190909090908 
40.80013333628543 0.8401272727272726 
40.90013309027752 0.8397354545454545 
41.000132844269615 0.8393436363636363 
41.10013505834078 0.8389509090909091 
41.20013481233287 0.8385590909090909 
41.30013702640403 0.8381681818181818 
41.400139240475184 0.8377754545454544 
41.50013653438822 0.8373845454545454 
41.60013874845937 0.8369918181818181 
41.70014096253053 0.8365999999999999 
41.80013825644356 0.8362081818181818 
41.90014047051472 0.8358172727272726 
42.00014268458588 0.8354245454545454 
42.10013997849891 0.8350327272727273 
42.20014219257007 0.8346409090909089 
42.30014440664124 0.8342490909090908 
42.40014662071239 0.8338572727272727 
42.50014391462541 0.8334654545454544 
42.60014612869658 0.8330736363636363 
42.70014834276774 0.8326827272727272 
42.80014563668077 0.8322899999999999 
42.90014785075193 0.8318981818181818 
43.00015006482309 0.8315063636363637 
43.10015227889424 0.8311145454545453 
43.20014957280727 0.8307227272727272 
43.30015178687843 0.830330909090909 
43.40015400094959 0.8299390909090908 
43.50015129486262 0.8295472727272727 
43.60015350893378 0.8291554545454545 
43.70015572300494 0.8287636363636363 
43.80015301691797 0.8283718181818182 
43.90015523098912 0.8279799999999999 
44.00015744506028 0.8275881818181817 
44.10015965913144 0.8271963636363635 
44.20015695304447 0.8268045454545454 
44.30015916711563 0.8264127272727272 
44.4001613811868 0.826020909090909 
44.50015867509982 0.8256290909090909 
44.60016088917097 0.8252372727272727 
44.70016310324214 0.8248454545454544 
44.8001653173133 0.8244536363636363 
44.90016261122633 0.8240618181818181 
45.00016482529749 0.8236699999999999 
45.10016703936865 0.8232781818181818 
45.20016433328168 0.8228863636363635 
45.30016654735284 0.8224945454545454 
45.40016876142399 0.8221027272727273 
45.50017097549515 0.8217109090909089 
45.60016826940818 0.8213190909090908 
45.70017048347934 0.8209272727272727 
45.8001726975505 0.8205354545454544 
45.90016999146353 0.8201436363636363 
46.00017220553469 0.8197518181818181 
46.10017441960584 0.8193599999999999 
46.20017171351888 0.8189681818181818 
46.30017392759003 0.8185763636363635 
46.40017614166119 0.8181845454545453 
46.50017835573235 0.8177927272727272 
46.60017564964538 0.817400909090909 
46.70017786371654 0.8170090909090908 
46.80018007778771 0.8166172727272727 
46.90017737170073 0.8162254545454545 
47.00017958577188 0.8158336363636363 
47.10018179984305 0.815441818181818 
47.20018401391421 0.8150499999999999 
47.30018130782724 0.8146581818181817 
47.4001835218984 0.8142663636363635 
47.50018573596956 0.8138745454545454 
47.60018302988259 0.8134827272727272 
47.70018524395374 0.813090909090909 
47.8001874580249 0.8126990909090909 
47.90018475193793 0.8123072727272728 
48.00018696600909 0.8119154545454544 
48.10018918008025 0.8115236363636363 
48.20019139415141 0.8111318181818181 
48.30018868806444 0.8107399999999999 
48.40019090213559 0.8103481818181818 
48.50019311620675 0.8099563636363636 
48.60019041011978 0.8095645454545454 
48.70019262419094 0.8091727272727273 
48.8001948382621 0.808780909090909 
48.90019705233327 0.8083890909090908 
49.00019434624629 0.8079972727272726 
49.10019656031744 0.8076054545454545 
49.20019877438861 0.8072136363636363 
49.30019606830163 0.8068218181818181 
49.4001982823728 0.80643 
49.50020049644396 0.8060381818181818 
49.60019779035698 0.8056463636363635 
49.70020000442815 0.8052545454545454 
49.80020221849931 0.8048627272727272 
49.90020443257046 0.804470909090909 
50.000201726483496 0.8040790909090909 
50.10020394055465 0.8036872727272726 
50.20020615462581 0.8032954545454545 
50.30020344853884 0.8029036363636364 
50.40020566261 0.802511818181818 
50.50020787668116 0.8021199999999999 
50.60021009075231 0.8017281818181818 
50.70020738466535 0.8013363636363635 
50.8002095987365 0.8009445454545454 
50.90021181280766 0.8005527272727272 
51.00020910672069 0.800160909090909 
51.10021132079185 0.7997690909090909 
51.20021353486301 0.7993772727272727 
51.30021574893418 0.7989854545454544 
51.4002130428472 0.7985936363636363 
51.50021525691835 0.7982018181818181 
51.60021747098952 0.7978099999999999 
51.70021476490254 0.7974190909090908 
51.80021697897371 0.7970263636363636 
51.90021919304487 0.7966345454545454 
52.00021648695789 0.7962427272727272 
52.10021870102906 0.795850909090909 
52.20022091510021 0.79546 
52.30022312917137 0.7950672727272726 
52.4002204230844 0.7946763636363636 
52.50022263715556 0.7942836363636363 
52.60022485122672 0.7938927272727272 
52.70022214513975 0.7935 
52.80022435921091 0.7931081818181817 
52.90022657328206 0.7927163636363636 
53.00022878735322 0.7923254545454546 
53.10022608126625 0.7919336363636363 
53.20022829533741 0.791540909090909 
53.30023050940857 0.7911499999999999 
53.4002278033216 0.7907581818181818 
53.50023001739276 0.7903663636363636 
53.60023223146391 0.7899736363636364 
53.70022952537695 0.789581818181818 
53.8002317394481 0.789190909090909 
53.90023395351927 0.7887981818181817 
54.00023616759043 0.7884072727272727 
54.10023346150345 0.7880145454545454 
54.20023567557462 0.7876227272727272 
54.30023788964578 0.787230909090909 
54.400235183558806 0.7868399999999999 
54.50023739762997 0.7864472727272727 
54.60023961170112 0.7860563636363637 
54.70024182577228 0.7856645454545453 
54.80023911968531 0.7852727272727272 
54.90024133375647 0.7848809090909091 
55.00024354782763 0.7844890909090908 
55.10024084174066 0.7840972727272727 
55.20024305581182 0.7837054545454545 
55.30024526988297 0.7833136363636363 
55.40024748395413 0.7829218181818182 
55.50024477786716 0.78253 
55.60024699193832 0.7821381818181817 
55.70024920600948 0.7817463636363636 
55.80024649992251 0.7813545454545454 
55.90024871399367 0.7809627272727272 
56.00025092806484 0.780570909090909 
56.10024822197785 0.7801790909090909 
56.20025043604901 0.7797872727272727 
56.30025265012018 0.7793954545454544 
56.40025486419134 0.7790036363636363 
56.50025215810436 0.7786118181818181 
56.60025437217553 0.7782199999999999 
56.70025658624669 0.7778281818181818 
56.800253880159715 0.7774363636363636 
56.90025609423087 0.7770445454545454 
57.00025830830203 0.7766527272727273 
57.10026052237319 0.776260909090909 
57.20025781628622 0.7758690909090908 
57.30026003035738 0.7754772727272727 
57.40026224442854 0.7750854545454544 
57.50025953834157 0.7746936363636363 
57.60026175241272 0.7743018181818182 
57.70026396648388 0.7739099999999999 
57.80026126039691 0.7735181818181818 
57.90026347446807 0.7731263636363636 
58.00026568853923 0.7727345454545453 
58.10026790261039 0.7723427272727272 
58.20026519652342 0.771950909090909 
58.30026741059457 0.7715590909090908 
58.40026962466574 0.7711672727272727 
58.50026691857876 0.7707754545454545 
58.60026913264992 0.7703836363636363 
58.70027134672109 0.7699918181818182 
58.80027356079225 0.7696 
58.900270854705276 0.7692081818181817 
59.00027306877644 0.7688163636363635 
59.10027528284759 0.7684245454545454 
59.200272576760625 0.7680327272727272 
59.30027479083178 0.767640909090909 
59.40027700490294 0.7672490909090909 
59.50027429881597 0.7668572727272727 
59.60027651288713 0.7664654545454544 
59.70027872695829 0.7660736363636363 
59.80028094102944 0.7656818181818181 
59.900278234942476 0.7652899999999999 
60.00028044901363 0.7648981818181818 
60.10028266308479 0.7645063636363635 
60.20027995699782 0.7641145454545454 
60.30028217106898 0.7637227272727273 
60.40028438514014 0.763330909090909 
60.50028659921131 0.7629390909090908 
60.60028389312433 0.7625472727272727 
60.70028610719548 0.7621554545454544 
60.80028832126665 0.7617636363636363 
60.90028561517967 0.7613727272727272 
61.00028782925084 0.7609799999999999 
61.100290043322 0.7605881818181818 
61.20029225739316 0.7601972727272727 
61.300289551306186 0.7598045454545453 
61.40029176537734 0.7594127272727272 
61.5002939794485 0.759020909090909 
61.60029127336153 0.75863 
61.70029348743269 0.7582381818181817 
61.80029570150385 0.7578463636363636 
61.900292995416876 0.7574545454545455 
62.00029520948804 0.7570627272727272 
62.10029742355919 0.7566709090909091 
62.20029963763035 0.7562790909090908 
62.30029693154338 0.7558872727272726 
62.40029914561454 0.7554954545454545 
62.5003013596857 0.7551036363636363 
62.60029865359873 0.7547118181818181 
62.70030086766989 0.75432 
62.80030308174104 0.7539281818181818 
62.90030529581221 0.7535363636363636 
63.00030258972523 0.7531445454545453 
63.10030480379639 0.7527527272727272 
63.20030701786756 0.752360909090909 
63.30030431178058 0.7519690909090908 
63.40030652585175 0.7515772727272727 
63.50030873992291 0.7511854545454545 
63.60030603383593 0.7507936363636363 
63.700308247907095 0.7504018181818182 
63.80031046197825 0.75001 
63.90031267604941 0.7496181818181817 
64.00030996996244 0.7492263636363636 
64.1003121840336 0.7488345454545453 
64.20031439810475 0.7484427272727272 
64.30031169201779 0.7480509090909091 
64.40031390608894 0.7476590909090908 
64.50031612016011 0.7472672727272727 
64.60031833423126 0.7468754545454546 
64.7003156281443 0.7464836363636362 
64.80031784221545 0.7460918181818181 
64.9003200562866 0.7457 
65.00031735019964 0.7453081818181817 
65.10031956427079 0.7449163636363636 
65.20032177834196 0.7445245454545454 
65.30031907225498 0.7441327272727272 
65.40032128632615 0.7437409090909091 
65.50032350039731 0.74335 
65.60032571446847 0.7429572727272726 
65.70032300838149 0.7425654545454545 
65.80032522245266 0.7421736363636363 
65.90032743652381 0.7417827272727272 
66.00032473043684 0.741390909090909 
66.100326944508 0.7409990909090909 
66.20032915857917 0.7406072727272727 
66.30033137265032 0.7402154545454545 
66.40032866656335 0.7398236363636363 
66.50033088063451 0.7394318181818181 
66.60033309470566 0.7390399999999999 
66.7003303886187 0.7386481818181818 
66.80033260268985 0.7382563636363636 
66.90033481676102 0.7378645454545454 
67.00033703083217 0.7374727272727273 
67.1003343247452 0.7370809090909091 
67.20033653881636 0.7366890909090908 
67.30033875288751 0.7362972727272726 
67.40033604680055 0.7359054545454545 
67.5003382608717 0.7355136363636363 
67.60034047494287 0.7351218181818181 
67.70033776885589 0.73473 
67.80033998292706 0.7343381818181818 
67.90034219699821 0.7339463636363636 
68.00034441106938 0.7335545454545455 
68.1003417049824 0.7331627272727271 
68.20034391905357 0.732770909090909 
68.30034613312472 0.7323790909090909 
68.40034342703775 0.7319872727272726 
68.50034564110891 0.7315954545454545 
68.60034785518006 0.7312036363636364 
68.70035006925123 0.7308118181818181 
68.80034736316425 0.73042 
68.90034957723542 0.7300281818181819 
69.00035179130657 0.7296363636363635 
69.1003490852196 0.7292445454545454 
69.20035129929076 0.7288527272727272 
69.30035351336191 0.728460909090909 
69.40035080727495 0.7280699999999999 
69.5003530213461 0.7276772727272727 
69.60035523541727 0.7272863636363636 
69.70035744948842 0.7268945454545453 
69.80035474340146 0.7265027272727272 
69.90035695747261 0.726110909090909 
70.00035917154378 0.7257190909090908 
70.1003564654568 0.7253272727272727 
70.20035867952795 0.7249354545454545 
70.30036089359912 0.7245436363636363 
70.40036310767029 0.7241518181818182 
70.50036040158331 0.7237599999999998 
70.60036261565448 0.7233681818181817 
70.70036482972563 0.7229763636363636 
70.80036212363866 0.7225845454545453 
70.90036433770982 0.7221927272727272 
71.00036655178097 0.7218009090909091 
71.10036876585214 0.7214090909090908 
71.20036605976516 0.7210172727272727 
71.30036827383633 0.7206254545454545 
71.40037048790748 0.7202336363636362 
71.50036778182051 0.7198418181818181 
71.60036999589167 0.7194499999999999 
71.70037220996282 0.7190581818181817 
71.80036950387586 0.7186663636363636 
71.90037171794701 0.7182745454545454 
72.00037393201818 0.7178827272727272 
72.10037614608933 0.7174909090909091 
72.20037344000237 0.7170990909090909 
72.30037565407352 0.7167072727272726 
72.40037786814469 0.7163163636363635 
72.50037516205771 0.7159245454545454 
72.60037737612886 0.7155327272727272 
72.70037959020003 0.715140909090909 
72.8003818042712 0.7147490909090909 
72.90037909818422 0.7143572727272727 
73.00038131225539 0.7139654545454545 
73.10038352632654 0.7135736363636364 
73.20038082023957 0.7131818181818181 
73.30038303431073 0.7127899999999999 
73.40038524838188 0.7123981818181817 
73.50038254229491 0.7120063636363636 
73.60038475636607 0.7116145454545454 
73.70038697043724 0.7112227272727272 
73.80038918450839 0.7108309090909091 
73.90038647842142 0.7104390909090909 
74.00038869249258 0.7100472727272726 
74.10039090656373 0.7096554545454545 
74.20038820047677 0.7092636363636363 
74.30039041454792 0.7088718181818181 
74.40039262861909 0.70848 
74.50039484269026 0.7080881818181817 
74.60039213660328 0.7076963636363636 
74.70039435067443 0.7073045454545455 
74.8003965647456 0.7069136363636362 
74.90039385865862 0.7065218181818181 
75.00039607272979 0.7061290909090909 
75.10039828680094 0.7057372727272726 
75.20039558071396 0.7053463636363636 
75.30039779478513 0.7049545454545454 
75.4004000088563 0.7045627272727272 
75.50040222292745 0.7041709090909091 
75.60039951684048 0.7037790909090909 
75.70040173091164 0.7033872727272726 
75.80040394498279 0.7029954545454544 
75.90040123889582 0.7026036363636363 
76.00040345296698 0.7022118181818181 
76.10040566703815 0.7018199999999999 
76.2004078811093 0.7014281818181818 
76.30040517502232 0.7010363636363636 
76.40040738909349 0.7006445454545454 
76.50040960316464 0.7002527272727272 
76.60040689707768 0.699860909090909 
76.70040911114883 0.6994690909090908 
76.80041132522 0.6990772727272727 
76.90041353929116 0.6986854545454545 
77.00041083320417 0.6982936363636363 
77.10041304727534 0.6979018181818182 
77.2004152613465 0.69751 
77.30041255525953 0.6971181818181817 
77.4004147693307 0.6967263636363636 
77.50041698340185 0.6963345454545454 
77.60041427731487 0.6959436363636363 
77.70041649138604 0.6955518181818181 
77.80041870545719 0.69516 
77.90042091952836 0.6947681818181817 
78.00041821344138 0.6943763636363636 
78.10042042751255 0.6939845454545455 
78.2004226415837 0.6935927272727271 
78.30041993549673 0.693200909090909 
78.40042214956789 0.6928090909090909 
78.50042436363904 0.6924172727272726 
78.60042657771021 0.6920254545454545 
78.70042387162323 0.6916336363636363 
78.80042116553625 0.6912418181818181 
78.90042337960742 0.69085 
79.00042067352045 0.6904581818181817 
79.1004228875916 0.6900663636363635 
79.20042510166277 0.6896745454545454 
79.30042731573393 0.6892827272727272 
79.40042460964695 0.688890909090909 
79.50042682371813 0.6884990909090909 
79.60042903778928 0.6881081818181818 
79.7004263317023 0.6877163636363636 
79.80042854577346 0.6873245454545454 
79.90043075984462 0.6869327272727273 
80.00042805375766 0.686540909090909 
80.10043026782881 0.6861490909090908 
80.20043248189998 0.6857572727272727 
80.30043469597113 0.6853654545454545 
80.40043198988415 0.6849736363636363 
80.50043420395531 0.6845818181818182 
80.60043641802648 0.68419 
80.70043371193951 0.6837981818181817 
80.80043592601066 0.6834063636363636 
80.90043814008183 0.6830145454545454 
81.00044035415299 0.6826227272727272 
81.100437648066 0.682230909090909 
81.20043986213716 0.6818390909090909 
81.30044207620834 0.6814472727272727 
81.40043937012136 0.6810554545454545 
81.50044158419252 0.6806636363636364 
81.60044379826368 0.6802727272727271 
81.7004410921767 0.6798799999999999 
81.80044330624786 0.6794890909090909 
81.90044552031904 0.6790972727272726 
82.00044773439019 0.6787054545454545 
82.10044502830321 0.6783136363636363 
82.20044724237437 0.6779218181818181 
82.30044945644553 0.67753 
82.40044675035857 0.6771381818181818 
82.50044896442972 0.6767463636363635 
82.60045117850089 0.6763545454545454 
82.7004484724139 0.6759627272727272 
82.8004556066432 0.675570909090909 
82.90045290055622 0.6751790909090909 
83.00045019446925 0.6747872727272727 
83.10045732869854 0.6743954545454545 
83.20045462261157 0.6740036363636362 
83.3004519165246 0.6736118181818181 
83.4004590507539 0.6732199999999999 
83.50045634466692 0.6728290909090908 
83.60045363857995 0.6724363636363636 
83.70046077280925 0.6720445454545454 
83.80045806672227 0.6716536363636363 
83.90046520095157 0.6712618181818182 
84.00046249486459 0.67087 
84.1004597887776 0.6704781818181818 
84.2004669230069 0.6700863636363635 
84.30046421691993 0.6696945454545454 
84.40046151083295 0.6693027272727272 
84.50046864506226 0.668910909090909 
84.60046593897528 0.6685190909090909 
84.70046323288831 0.6681272727272727 
84.8004703671176 0.6677354545454545 
84.90046766103063 0.6673436363636364 
85.00046495494365 0.6669518181818181 
85.10047208917295 0.6665599999999999 
85.20046938308597 0.6661681818181818 
85.30046667699901 0.6657763636363635 
85.4004738112283 0.6653845454545454 
85.50047110514133 0.6649936363636363 
85.60047823937062 0.6646018181818181 
85.70047553328364 0.66421 
85.80047282719666 0.6638181818181818 
85.90047996142596 0.6634263636363635 
86.00047725533898 0.6630345454545454 
86.10047454925201 0.6626427272727272 
86.20048168348131 0.662250909090909 
86.30047897739433 0.6618590909090909 
86.40047627130735 0.6614672727272727 
86.50048340553666 0.6610754545454545 
86.60048069944969 0.6606836363636363 
86.70047799336271 0.6602918181818181 
86.80048512759201 0.6598999999999999 
86.90048242150503 0.6595081818181817 
87.00047971541805 0.6591163636363636 
87.10048684964734 0.6587245454545454 
87.20048414356039 0.6583336363636363 
87.30049127778966 0.6579418181818182 
87.4004885717027 0.65755 
87.50048586561572 0.6571581818181818 
87.60049299984502 0.6567663636363635 
87.70049029375804 0.6563745454545454 
87.80048758767107 0.6559827272727272 
87.90049472190036 0.655590909090909 
88.00049201581339 0.6551990909090909 
88.10048930972641 0.6548072727272727 
88.20049644395571 0.6544154545454545 
88.30049373786873 0.6540236363636364 
88.40049103178177 0.6536318181818181 
88.50049816601107 0.6532399999999999 
88.60049545992409 0.6528481818181818 
88.70049275383711 0.6524563636363635 
88.8004998880664 0.6520654545454545 
88.90049718197942 0.6516736363636363 
89.00050431620872 0.6512818181818181 
89.10050161012175 0.65089 
89.20049890403477 0.6504981818181818 
89.30050603826407 0.6501063636363635 
89.4005033321771 0.6497145454545454 
89.50050062609013 0.6493227272727272 
89.60050776031942 0.648930909090909 
89.70050505423245 0.6485390909090909 
89.80050234814547 0.6481472727272727 
89.90050948237477 0.6477554545454545 
90.00050677628779 0.6473636363636363 
90.10050407020083 0.6469718181818181 
90.2005112044301 0.6465799999999999 
90.30050849834315 0.6461881818181817 
90.40051563257244 0.6457972727272727 
90.50051292648546 0.6454054545454545 
90.60051022039848 0.6450136363636363 
90.70051735462778 0.6446218181818182 
90.80051464854081 0.64423 
90.90051194245383 0.6438381818181818 
91.00051907668313 0.6434463636363635 
91.10051637059615 0.6430545454545454 
91.20051366450917 0.6426627272727272 
91.30052079873848 0.642270909090909 
91.40051809265151 0.6418790909090909 
91.50051538656453 0.6414872727272727 
91.60052252079383 0.6410954545454545 
91.70051981470685 0.6407036363636364 
91.80051710861987 0.6403118181818181 
91.90052424284916 0.6399199999999999 
92.0005215367622 0.6395290909090909 
92.10052867099148 0.6391372727272726 
92.20052596490451 0.6387454545454545 
92.30052325881753 0.6383536363636363 
92.40053039304684 0.6379618181818181 
92.50052768695986 0.63757 
92.60052498087289 0.6371781818181818 
92.70053211510219 0.6367863636363635 
92.80052940901521 0.6363945454545454 
92.90052670292823 0.6360027272727272 
93.00053383715753 0.635610909090909 
93.10053113107055 0.6352190909090908 
93.20052842498359 0.6348281818181818 
93.30053555921288 0.6344363636363636 
93.4005328531259 0.6340445454545454 
93.50053014703892 0.6336527272727273 
93.60053728126822 0.633260909090909 
93.70053457518125 0.6328690909090908 
93.80054170941054 0.6324772727272727 
93.90053900332357 0.6320854545454545 
94.0005362972366 0.6316936363636363 
94.1005434314659 0.6313018181818182 
94.20054072537891 0.63091 
94.30053801929195 0.6305181818181818 
94.40054515352124 0.6301263636363635 
94.50054244743427 0.6297345454545454 
94.60053974134729 0.6293427272727272 
94.70054687557658 0.628950909090909 
94.8005441694896 0.62856 
94.90054146340265 0.6281681818181817 
95.00054859763192 0.6277763636363636 
95.10054589154495 0.6273845454545455 
95.20054318545797 0.6269927272727271 
95.30055031968728 0.626600909090909 
95.4005476136003 0.6262090909090909 
95.5005547478296 0.6258172727272726 
95.60055204174263 0.6254254545454545 
95.70054933565565 0.6250336363636363 
95.80055646988495 0.6246418181818181 
95.90055376379797 0.624250909090909 
96.000551057711 0.6238590909090909 
96.10055819194028 0.6234672727272728 
96.20055548585333 0.6230754545454544 
96.30055277976635 0.6226836363636363 
96.40055991399564 0.6222918181818182 
96.50055720790866 0.6218999999999999 
96.6005545018217 0.6215081818181818 
96.70056163605098 0.6211163636363636 
96.80055892996401 0.6207245454545454 
96.90055622387703 0.6203327272727273 
97.00056335810633 0.619940909090909 
97.10056065201935 0.6195490909090908 
97.20056778624866 0.6191581818181817 
97.30056508016168 0.6187663636363636 
97.40056237407471 0.6183745454545454 
97.50056950830401 0.6179827272727272 
97.60056680221703 0.6175909090909091 
97.70056409613005 0.6171990909090909 
97.80057123035934 0.6168072727272726 
97.90056852427236 0.6164154545454545 
98.00056581818541 0.6160236363636362 
98.1005729524147 0.6156318181818181 
98.20057024632771 0.61524 
98.30056754024073 0.6148490909090909 
98.40057467447004 0.6144572727272727 
98.50057196838307 0.6140654545454545 
98.60056926229609 0.6136736363636364 
98.70057639652539 0.6132818181818182 
98.80057369043841 0.6128899999999999 
98.90058082466771 0.6124981818181818 
99.00057811858073 0.6121063636363636 
99.10057541249377 0.6117145454545454 
99.20058254672304 0.6113227272727273 
99.30057984063609 0.610930909090909 
99.40057713454911 0.6105390909090909 
99.5005842687784 0.6101472727272728 
99.60058156269142 0.6097563636363635 
99.70057885660445 0.6093645454545454 
99.80058599083375 0.6089727272727272 
99.90058328474677 0.608580909090909 
100.0005805786598 0.6081890909090909 
100.1005877128891 0.6077972727272727 
100.20058500680211 0.6074054545454545 
100.30059214103142 0.6070136363636363 
100.40058943494445 0.6066218181818182 
100.50058672885747 0.6062299999999999 
100.60059386308677 0.6058390909090908 
100.70059115699979 0.6054472727272727 
100.80058845091283 0.6050554545454545 
100.9005955851421 0.6046636363636363 
101.00059287905513 0.6042718181818182 
101.10059017296815 0.60388 
101.20059730719746 0.6034881818181818 
101.30059460111048 0.6030963636363637 
101.40059189502351 0.6027045454545454 
101.5005990292528 0.6023127272727272 
101.60059632316583 0.601920909090909 
101.70059361707885 0.6015290909090909 
101.80060075130815 0.6011372727272727 
101.90059804522117 0.6007463636363636 
102.00060517945047 0.6003545454545455 
102.1006024733635 0.5999627272727271 
102.20059976727653 0.599570909090909 
102.30060690150583 0.5991790909090909 
102.40060419541884 0.5987872727272726 
102.50060148933186 0.5983954545454545 
102.60060862356116 0.5980036363636364 
102.70060591747419 0.5976118181818181 
102.80060321138721 0.59722 
102.90061034561651 0.5968290909090909 
103.00060763952953 0.5964372727272726 
103.10060493344255 0.5960454545454544 
103.20061206767186 0.5956536363636363 
103.30060936158489 0.5952618181818181 
103.40060665549791 0.5948699999999999 
103.50061378972721 0.5944781818181818 
103.60061108364023 0.5940863636363636 
103.70061821786953 0.5936945454545454 
103.80061551178254 0.5933027272727273 
103.90061280569559 0.592910909090909 
104.00061993992486 0.5925199999999999 
104.1006172338379 0.5921281818181817 
104.20061452775091 0.5917363636363636 
104.30062166198022 0.5913445454545454 
104.40061895589324 0.5909527272727272 
104.50061624980627 0.5905609090909091 
104.60062338403557 0.5901690909090909 
104.70062067794859 0.5897772727272727 
104.80061797186161 0.5893854545454545 
104.90062510609091 0.5889936363636363 
105.00062240000393 0.5886027272727272 
105.10061969391697 0.5882109090909091 
105.20062682814627 0.5878190909090908 
105.30062412205929 0.5874272727272727 
105.40063125628858 0.5870354545454545 
105.5006285502016 0.5866436363636363 
105.60062584411465 0.5862518181818182 
105.70063297834392 0.5858599999999999 
105.80063027225695 0.5854681818181817 
105.90062756616997 0.5850772727272726 
106.00063470039927 0.5846854545454545 
106.1006319943123 0.5842936363636364 
106.20062928822533 0.5839018181818181 
106.30063642245462 0.58351 
106.40063371636765 0.5831181818181818 
106.50063101028067 0.5827263636363635 
106.60063814450997 0.5823345454545454 
106.70063543842299 0.5819427272727272 
106.80063273233603 0.581550909090909 
106.90063986656533 0.5811599999999999 
107.00063716047835 0.5807681818181818 
107.10064429470764 0.5803763636363636 
107.20064158862066 0.5799845454545454 
107.30063888253368 0.5795927272727273 
107.40064601676298 0.579200909090909 
107.50064331067601 0.5788090909090908 
107.60064060458903 0.5784172727272727 
107.70064773881833 0.5780254545454544 
107.80064503273135 0.5776336363636363 
107.90064232664437 0.5772427272727272 
108.00064946087367 0.5768509090909091 
108.10064675478671 0.5764590909090909 
108.20064404869973 0.5760672727272727 
108.30065118292903 0.5756754545454545 
108.40064847684205 0.5752836363636363 
108.50064577075509 0.5748918181818181 
108.60065290498436 0.5745 
108.7006501988974 0.5741081818181818 
108.8006573331267 0.5737172727272727 
108.90065462703971 0.5733254545454546 
109.00065192095273 0.5729336363636363 
109.10065905518204 0.5725418181818182 
109.20065634909506 0.5721499999999999 
109.30065364300809 0.5717581818181817 
109.40066077723739 0.5713663636363636 
109.50065807115041 0.5709745454545454 
109.60065536506343 0.5705827272727272 
109.70066249929273 0.5701918181818181 
109.80065979320577 0.5698 
109.90065708711879 0.5694081818181818 
110.00066422134809 0.5690163636363635 
110.1006615152611 0.5686245454545454 
110.2006686494904 0.5682327272727272 
110.30066594340342 0.567840909090909 
110.40066323731645 0.5674490909090909 
110.50067037154574 0.5670572727272727 
110.60066766545877 0.5666663636363636 
110.70066495937179 0.5662745454545454 
110.8006720936011 0.5658827272727273 
110.90066938751411 0.565490909090909 
111.00066668142715 0.5650990909090908 
111.10067381565644 0.5647072727272727 
111.20067110956947 0.5643154545454545 
111.30066840348249 0.5639236363636363 
111.40067553771179 0.5635327272727273 
111.5006728316248 0.563140909090909 
111.60067012553785 0.5627490909090909 
111.70067725976713 0.5623572727272727 
111.80067455368015 0.5619654545454545 
111.90068168790945 0.5615736363636363 
112.00067898182247 0.5611818181818181 
112.1006762757355 0.56079 
112.2006834099648 0.5603981818181818 
112.30068070387783 0.5600072727272727 
112.40067799779085 0.5596154545454546 
112.50068513202015 0.5592236363636363 
112.60068242593317 0.5588318181818182 
112.7006797198462 0.55844 
112.8006868540755 0.5580481818181817 
112.90068414798853 0.5576563636363636 
113.00068144190155 0.5572645454545454 
113.10068857613084 0.5568727272727272 
113.20068587004386 0.5564818181818181 
113.3006831639569 0.55609 
113.40069029818618 0.5556981818181818 
113.50068759209921 0.5553063636363635 
113.60069472632851 0.5549145454545454 
113.70069202024153 0.5545227272727272 
113.80068931415455 0.554130909090909 
113.90069644838385 0.5537390909090909 
114.00069374229687 0.5533481818181818 
114.10069103620991 0.5529563636363636 
114.20069817043921 0.5525645454545454 
114.30069546435223 0.5521727272727273 
114.40069275826525 0.551780909090909 
114.50069989249454 0.5513890909090908 
114.60069718640759 0.5509972727272727 
114.7006944803206 0.5506054545454545 
114.8007016145499 0.5502145454545454 
114.90069890846291 0.5498227272727273 
115.00069620237593 0.549430909090909 
115.10070333660524 0.5490390909090909 
115.20070063051827 0.5486472727272728 
115.30070776474756 0.5482554545454544 
115.40070505866059 0.5478636363636363 
115.50070235257361 0.5474718181818181 
115.60070948680291 0.5470809090909091 
115.70070678071593 0.5466890909090908 
115.80070407462897 0.5462972727272727 
115.90071120885827 0.5459054545454546 
116.00070850277129 0.5455136363636363 
116.10070579668431 0.5451218181818182 
116.2007129309136 0.54473 
116.30071022482662 0.5443390909090908 
116.40070751873967 0.5439472727272727 
116.50071465296895 0.5435554545454545 
116.60071194688197 0.5431636363636363 
116.70070924079499 0.5427718181818182 
116.8007163750243 0.54238 
116.90071366893733 0.5419881818181818 
117.00072080316662 0.5415972727272726 
117.10071809707965 0.5412054545454545 
117.20071539099267 0.5408136363636363 
117.30072252522197 0.5404218181818181 
117.40071981913499 0.54003 
117.50071711304803 0.5396381818181818 
117.6007242472773 0.5392463636363636 
117.70072154119035 0.5388545454545455 
117.80071883510337 0.5384627272727273 
117.90072596933265 0.5380718181818182 
118.00072326324567 0.5376799999999999 
118.10072055715871 0.5372881818181818 
118.200727691388 0.5368963636363636 
118.30072498530103 0.5365045454545454 
118.40072227921405 0.5361127272727273 
118.50072941344335 0.535720909090909 
118.60072670735637 0.53533 
118.70073384158567 0.5349381818181818 
118.80073113549871 0.5345463636363635 
118.90072842941173 0.5341545454545454 
119.00073556364103 0.5337627272727272 
119.10073285755405 0.533370909090909 
119.20073015146707 0.5329790909090909 
119.30073728569636 0.5325872727272727 
119.40073457960939 0.5321963636363637 
119.50073187352241 0.5318045454545454 
119.60073900775171 0.5314127272727273 
119.70073630166473 0.531020909090909 
119.80073359557777 0.5306290909090908 
119.90074072980705 0.5302372727272727 
120.00073802372009 0.5298454545454545 
120.10073531763311 0.5294545454545454 
120.20074245186241 0.5290627272727272 
120.30073974577543 0.5286709090909091 
120.40074688000473 0.5282790909090909 
120.50074417391775 0.5278872727272726 
120.60074146783079 0.5274954545454545 
120.70074860206007 0.5271036363636363 
120.8007458959731 0.5267127272727272 
120.90074318988611 0.5263209090909091 
121.00075032411542 0.5259290909090909 
121.10074761802844 0.5255372727272727 
121.20074491194147 0.5251454545454545 
121.30075204617077 0.5247536363636364 
121.40074934008379 0.5243618181818182 
121.50074663399681 0.523970909090909 
121.60075376822611 0.5235790909090909 
121.70075106213915 0.5231872727272726 
121.80075819636843 0.5227954545454545 
121.90075549028147 0.5224036363636364 
122.00075278419449 0.5220118181818181 
122.10075991842378 0.52162 
122.2007572123368 0.5212290909090909 
122.30075450624985 0.5208372727272726 
122.40076164047912 0.5204454545454545 
122.50075893439215 0.5200536363636363 
122.60075622830517 0.5196618181818181 
122.70076336253447 0.5192699999999999 
122.8007606564475 0.5188781818181818 
122.90075795036053 0.5184872727272727 
123.00076508458982 0.5180954545454545 
123.10076237850285 0.5177036363636364 
123.20075967241587 0.5173118181818182 
123.30076680664517 0.5169199999999999 
123.40076410055819 0.5165281818181818 
123.50077123478748 0.5161363636363636 
123.60076852870053 0.5157454545454545 
123.70076582261355 0.5153536363636363 
123.80077295684283 0.5149618181818182 
123.90077025075585 0.5145699999999999 
124.00076754466888 0.5141781818181818 
124.10077467889818 0.5137863636363637 
124.20077197281121 0.5133954545454545 
124.30076926672423 0.5130036363636363 
124.40077640095353 0.5126118181818181 
124.50077369486655 0.51222 
124.60077098877959 0.5118281818181818 
124.70077812300887 0.5114363636363636 
124.80077541692191 0.5110445454545455 
124.90077271083493 0.5106536363636363 
125.00077984506423 0.5102618181818181 
125.10077713897725 0.50987 
125.20078427320654 0.5094781818181817 
125.30078156711956 0.5090863636363636 
125.4007788610326 0.5086945454545454 
125.5007859952619 0.5083036363636363 
125.60078328917491 0.5079118181818181 
125.70078058308793 0.50752 
125.80078771731723 0.5071281818181818 
125.90078501123027 0.5067363636363635 
126.00078230514329 0.5063445454545454 
126.10078943937259 0.5059527272727272 
126.20078673328561 0.5055618181818181 
126.30078402719863 0.50517 
126.40079116142793 0.5047781818181818 
126.50078845534097 0.5043863636363636 
126.60078574925399 0.5039945454545455 
126.70079288348329 0.5036027272727273 
126.80079017739631 0.5032118181818181 
126.9007973116256 0.5028199999999999 
127.00079460553862 0.5024281818181818 
127.10079189945165 0.5020363636363635 
127.20079903368094 0.5016445454545454 
127.30079632759397 0.5012527272727273 
127.40079362150699 0.5008618181818182 
127.5008007557363 0.50047 
127.60079804964931 0.5000781818181818 
127.70079534356235 0.4996863636363636 
127.80080247779165 0.49929454545454544 
127.90079977170467 0.4989027272727272 
128.0007970656177 0.49851090909090906 
128.10080419984698 0.49811999999999995 
128.20080149376 0.4977281818181818 
128.30079878767305 0.4973363636363635 
128.40080592190233 0.4969445454545454 
128.50080321581535 0.49655272727272726 
128.60081035004467 0.49616181818181815 
128.7008076439577 0.49577 
128.8008049378707 0.4953781818181817 
128.9008120721 0.4949863636363636 
129.00080936601304 0.49459454545454545 
129.10080665992606 0.4942027272727272 
129.20081379415535 0.4938118181818182 
129.30081108806837 0.4934199999999999 
129.40080838198142 0.4930281818181818 
129.50081551621068 0.49263636363636365 
129.60081281012373 0.4922445454545454 
129.70081010403675 0.4918527272727273 
129.80081723826603 0.4914618181818181 
129.90081453217906 0.49106999999999995 
130.0008118260921 0.49067818181818174 
130.1008189603214 0.4902863636363636 
130.2008162542344 0.4898945454545454 
130.30082338846373 0.4895027272727272 
130.40082068237675 0.48911181818181815 
130.50081797628977 0.48871999999999993 
130.60082511051905 0.4883281818181818 
130.7008224044321 0.4879363636363636 
130.80081969834512 0.4875445454545454 
130.9008268325744 0.48715272727272724 
131.00082412648743 0.48676181818181813 
131.10082142040045 0.48636999999999997 
131.20082855462974 0.4859781818181818 
131.3008258485428 0.4855863636363636 
131.4008231424558 0.48519454545454543 
131.5008302766851 0.4848036363636363 
131.6008275705981 0.48441181818181817 
131.70083470482743 0.4840199999999999 
131.80083199874045 0.4836281818181818 
131.90082929265347 0.48323636363636363 
132.00083642688278 0.4828454545454545 
132.1008337207958 0.48245363636363636 
132.20083101470883 0.4820618181818181 
132.3008381489381 0.48167 
132.40083544285113 0.4812781818181818 
132.50083273676415 0.48088636363636356 
132.60083987099347 0.48049545454545456 
132.7008371649065 0.4801036363636363 
132.8008344588195 0.47971181818181813 
132.9008415930488 0.47932 
133.00083888696182 0.47892818181818175 
133.10083618087486 0.47853727272727276 
133.20084331510415 0.4781454545454545 
133.30084060901717 0.4777536363636363 
133.4008477432465 0.4773618181818181 
133.5008450371595 0.47696999999999995 
133.60084233107253 0.4765781818181818 
133.70084946530181 0.4761872727272727 
133.80084675921483 0.4757954545454545 
133.90084405312786 0.4754036363636363 
134.00085118735717 0.47501181818181815 
134.1008484812702 0.47462 
134.2008457751832 0.47422818181818177 
134.3008529094125 0.4738372727272727 
134.40085020332555 0.4734454545454545 
134.50084749723857 0.47305363636363634 
134.60085463146785 0.47266181818181807 
134.70085192538087 0.47226999999999997 
134.80084921929392 0.4718790909090908 
134.9008563535232 0.4714872727272727 
135.00085364743623 0.47109545454545454 
135.10086078166552 0.47070363636363627 
135.20085807557854 0.47031181818181816 
135.30085536949156 0.469920909090909 
135.40086250372087 0.46952909090909084 
135.5008597976339 0.46913727272727274 
135.6008570915469 0.46874545454545447 
135.70086422577623 0.46835363636363636 
135.80086151968925 0.4679627272727272 
135.90085881360227 0.46757090909090904 
136.00086594783156 0.46717909090909093 
136.1008632417446 0.46678727272727266 
136.20086053565763 0.4663954545454545 
136.3008676698869 0.4660036363636363 
136.40086496379993 0.46561272727272723 
136.50086225771298 0.465220909090909 
136.60086939194224 0.46482909090909086 
136.7008666858553 0.4644372727272727 
136.80087382008458 0.4640454545454545 
136.9008711139976 0.46365454545454543 
137.00086840791062 0.4632627272727272 
137.10087554213993 0.46287090909090906 
137.20087283605295 0.4624790909090909 
137.30087012996597 0.4620872727272727 
137.4008772641953 0.4616963636363636 
137.5008745581083 0.4613045454545454 
137.60087185202133 0.46091272727272725 
137.70087898625061 0.4605209090909091 
137.80087628016366 0.4601290909090909 
137.90087357407668 0.4597381818181818 
138.00088070830597 0.4593463636363636 
138.100878002219 0.45895454545454545 
138.200875296132 0.4585627272727272 
138.3008824303613 0.4581709090909091 
138.40087972427435 0.4577799999999999 
138.50088685850363 0.45738818181818175 
138.60088415241665 0.45699636363636364 
138.70088144632967 0.4566045454545454 
138.800888580559 0.4562127272727272 
138.900885874472 0.4558218181818181 
139.00088316838503 0.45542999999999995 
139.10089030261432 0.45503818181818184 
139.20088759652737 0.45464636363636357 
139.3008848904404 0.4542545454545454 
139.40089202466967 0.45386363636363636 
139.5008893185827 0.45347181818181814 
139.60088661249574 0.45308 
139.70089374672503 0.45268818181818177 
139.80089104063805 0.4522972727272727 
139.90088833455107 0.4519054545454545 
140.00089546878036 0.45151363636363634 
140.10089276269338 0.4511218181818182 
140.2008998969227 0.45072999999999996 
140.3008971908357 0.45033909090909086 
140.40089448474873 0.4499472727272727 
140.50090161897805 0.4495554545454545 
140.60089891289107 0.4491636363636363 
140.7008962068041 0.44877181818181816 
140.80090334103338 0.44838090909090905 
140.90090063494642 0.4479890909090909 
141.00089792885944 0.4475972727272727 
141.10090506308873 0.44720545454545446 
141.20090235700175 0.44681363636363636 
141.3008996509148 0.4464227272727272 
141.40090678514406 0.4460309090909091 
141.5009040790571 0.4456390909090909 
141.6009112132864 0.44524727272727266 
141.70090850719941 0.44485545454545455 
141.80090580111244 0.4444645454545454 
141.90091293534175 0.4440727272727273 
142.00091022925477 0.44368090909090907 
142.1009075231678 0.44328909090909085 
142.2009146573971 0.4428981818181818 
142.30091195131013 0.4425063636363636 
142.40090924522315 0.4421145454545454 
142.50091637945243 0.44172272727272727 
142.60091367336548 0.44133090909090905 
142.7009109672785 0.44094 
142.8009181015078 0.4405481818181818 
142.9009153954208 0.44015636363636357 
143.00091268933383 0.4397645454545454 
143.10091982356312 0.4393736363636363 
143.20091711747617 0.43898181818181814 
143.30092425170545 0.43859 
143.40092154561847 0.43819818181818176 
143.5009188395315 0.4378063636363636 
143.6009259737608 0.4374154545454545 
143.70092326767383 0.43702363636363634 
143.80092056158685 0.4366318181818182 
143.90092769581616 0.43623999999999996 
144.00092498972919 0.4358490909090909 
144.1009222836422 0.4354572727272727 
144.2009294178715 0.43506545454545453 
144.3009267117845 0.4346736363636363 
144.40092400569756 0.43428181818181816 
144.50093113992685 0.43389090909090905 
144.60092843383987 0.4334990909090909 
144.7009257277529 0.4331072727272727 
144.80093286198218 0.4327154545454545 
144.90093015589522 0.4323245454545454 
145.0009372901245 0.43193272727272725 
145.10093458403753 0.43154090909090903 
145.20093187795055 0.43114909090909087 
145.30093901217987 0.43075818181818176 
145.4009363060929 0.4303663636363636 
145.5009336000059 0.42997454545454544 
145.6009407342352 0.4295827272727272 
145.70093802814824 0.429190909090909 
145.80093532206126 0.42879999999999996 
145.90094245629055 0.42840818181818174 
146.00093975020357 0.42801636363636364 
146.10093704411662 0.4276245454545454 
146.20094417834588 0.4272336363636363 
146.30094147225893 0.42684181818181816 
146.40093876617195 0.42644999999999994 
146.50094590040123 0.4260581818181818 
146.60094319431425 0.42566727272727267 
146.70095032854357 0.4252754545454545 
146.8009476224566 0.42488363636363635 
146.9009449163696 0.42449181818181814 
147.00095205059893 0.4240999999999999 
147.10094934451195 0.42370909090909087 
147.20094663842497 0.42331727272727265 
147.30095377265425 0.42292545454545455 
147.4009510665673 0.42253363636363633 
147.50094836048032 0.4221427272727273 
147.6009554947096 0.42175090909090907 
147.70095278862263 0.42135909090909085 
147.80095008253568 0.4209672727272727 
147.90095721676494 0.4205763636363636 
148.00095451067799 0.4201845454545454 
148.100951804591 0.41979272727272726 
148.2009589388203 0.41940090909090905 
148.3009562327333 0.4190090909090909 
148.40096336696263 0.4186181818181818 
148.50096066087565 0.41822636363636356 
148.60095795478867 0.41783454545454546 
148.70096508901798 0.41744272727272724 
148.800962382931 0.4170518181818182 
148.90095967684402 0.41666 
149.0009668110733 0.41626818181818176 
149.10096410498633 0.4158772727272727 
149.20096139889935 0.4154854545454545 
149.30096853312867 0.41509363636363633 
149.4009658270417 0.41470181818181817 
149.5009631209547 0.41431090909090906 
149.600970255184 0.4139190909090909 
149.70096754909704 0.4135272727272727 
149.80096484301006 0.41313545454545453 
149.90097197723935 0.4127445454545454 
150.00096927115237 0.4123527272727272 
150.1009764053817 0.41196090909090904 
150.2009736992947 0.4115690909090909 
150.30097099320773 0.4111781818181818 
150.400978127437 0.4107863636363636 
150.50097542135006 0.4103945454545454 
150.60097271526305 0.41000272727272724 
150.70097984949237 0.40961181818181813 
150.8009771434054 0.40922 
150.9009744373184 0.4088281818181818 
151.00098157154773 0.4084363636363636 
151.10097886546075 0.40804545454545454 
151.20097615937377 0.40765363636363633 
151.30098329360305 0.40726181818181817 
151.40098058751607 0.40686999999999995 
151.5009877217454 0.40647909090909085 
151.6009850156584 0.4060872727272727 
151.70098230957143 0.4056954545454545 
151.80098944380074 0.40530363636363637 
151.90098673771377 0.40491272727272726 
152.00098403162679 0.40452090909090904 
152.10099116585607 0.4041290909090909 
152.2009884597691 0.40373727272727267 
152.3009857536821 0.4033463636363636 
152.40099288791143 0.4029545454545454 
152.50099018182445 0.40256272727272724 
152.60098747573747 0.40217181818181813 
152.70099460996676 0.40177999999999997 
152.8009919038798 0.4013881818181818 
152.90098919779282 0.4009963636363636 
153.0009963320221 0.40060545454545454 
153.10099362593513 0.4002136363636363 
153.20100076016445 0.3998218181818181 
153.30099805407744 0.39943 
153.4009953479905 0.3990390909090909 
153.50100248221977 0.3986472727272727 
153.6009997761328 0.3982554545454545 
153.70099707004582 0.3978636363636363 
153.80100420427513 0.39747272727272726 
153.90100149818815 0.39708090909090904 
154.00099879210117 0.3966890909090909 
154.1010059263305 0.39629818181818177 
154.2010032202435 0.3959063636363636 
154.30100051415653 0.39551454545454545 
154.40100764838581 0.39512363636363634 
154.50100494229886 0.3947318181818182 
154.60100223621188 0.39433999999999997 
154.70100937044117 0.39394818181818175 
154.8010066643542 0.3935572727272727 
154.90101379858348 0.3931654545454545 
155.0010110924965 0.3927736363636363 
155.10100838640955 0.39238181818181816 
155.20101552063883 0.39199090909090906 
155.30101281455185 0.3915990909090909 
155.40101010846487 0.3912072727272727 
155.5010172426942 0.39081545454545447 
155.6010145366072 0.3904245454545454 
155.70101183052023 0.3900327272727272 
155.80101896474955 0.3896409090909091 
155.90101625866257 0.38924999999999993 
156.00101355257559 0.3888581818181818 
156.10102068680487 0.3884663636363636 
156.2010179807179 0.3880745454545454 
156.30101527463094 0.38768363636363634 
156.40102240886023 0.3872918181818181 
156.50101970277325 0.38689999999999997 
156.60102683700254 0.38650909090909086 
156.70102413091556 0.3861172727272727 
156.8010214248286 0.38572545454545454 
156.9010285590579 0.3853336363636363 
157.0010258529709 0.38494272727272727 
157.10102314688393 0.38455090909090905 
157.20103028111325 0.38415909090909084 
157.30102757502627 0.3837681818181818 
157.4010248689393 0.38337636363636357 
157.50103200316858 0.38298454545454547 
157.60102929708162 0.38259272727272725 
157.70102659099464 0.38220181818181814 
157.80103372522393 0.38181 
157.90103101913698 0.38141818181818177 
158.00102831304997 0.3810272727272727 
158.1010354472793 0.3806354545454545 
158.20103274119228 0.3802436363636363 
158.3010398754216 0.37985272727272723 
158.40103716933464 0.379460909090909 
158.50103446324763 0.3790690909090909 
158.60104159747695 0.3786772727272727 
158.70103889138997 0.37828636363636364 
158.801036185303 0.3778945454545454 
158.90104331953228 0.3775027272727272 
159.00104061344533 0.37711181818181816 
159.10103790735835 0.37671999999999994 
159.20104504158763 0.3763281818181818 
159.30104233550068 0.3759372727272727 
159.4010396294137 0.3755454545454545 
159.501046763643 0.37515363636363636 
159.60104405755604 0.37476272727272725 
159.70104135146903 0.3743709090909091 
159.80104848569835 0.37397909090909087 
159.90104577961134 0.37358727272727266 
160.00105291384065 0.3731963636363636 
160.10105020775367 0.3728045454545454 
160.2010475016667 0.3724127272727273 
160.301054635896 0.3720218181818181 
160.40105192980903 0.37162999999999996 
160.50104922372205 0.3712381818181818 
160.60105635795134 0.3708472727272727 
160.70105365186438 0.37045545454545453 
160.8010509457774 0.3700636363636363 
160.9010580800067 0.36967272727272726 
161.00105537391974 0.36928090909090905 
161.10105266783273 0.3688890909090909 
161.20105980206205 0.3684981818181818 
161.3010570959751 0.3681063636363636 
161.40106423020435 0.36771454545454546 
161.5010615241174 0.36732363636363635 
161.6010588180304 0.36693181818181814 
161.7010659522597 0.36654 
161.80106324617273 0.36614818181818176 
161.90106054008575 0.3657572727272727 
162.00106767431504 0.3653654545454545 
162.1010649682281 0.36497363636363633 
162.2010622621411 0.3645827272727272 
162.3010693963704 0.36419090909090907 
162.40106669028344 0.3637990909090909 
162.50106398419646 0.3634081818181818 
162.60107111842575 0.36301636363636364 
162.7010684123388 0.3626245454545454 
162.8010657062518 0.3622336363636363 
162.9010728404811 0.36184181818181815 
163.0010701343941 0.36144999999999994 
163.1010772686234 0.3610590909090909 
163.20107456253646 0.36066727272727267 
163.30107185644945 0.3602754545454545 
163.40107899067877 0.3598845454545454 
163.5010762845918 0.35949272727272724 
163.6010735785048 0.3591009090909091 
163.7010807127341 0.35871 
163.80107800664715 0.3583181818181818 
163.90107530056017 0.3579263636363636 
164.00108243478945 0.3575354545454545 
164.1010797287025 0.35714363636363633 
164.20107702261552 0.35675181818181817 
164.3010841568448 0.35636090909090906 
164.40108145075786 0.3559690909090909 
164.50107874467085 0.3555772727272727 
164.60108587890016 0.35518636363636363 
164.70108317281316 0.3547945454545454 
164.80109030704247 0.35440272727272726 
164.9010876009555 0.35401181818181815 
165.0010848948685 0.35362 
165.10108218878156 0.3532281818181818 
165.20107948269458 0.35283727272727267 
165.30109645724016 0.3524454545454545 
165.40109375115316 0.35205363636363635 
165.5010910450662 0.35166272727272724 
165.60108833897922 0.3512709090909091 
165.70108563289224 0.35087909090909086 
165.8011026074378 0.3504881818181818 
165.90109990135082 0.3500963636363636 
166.00109719526387 0.34970454545454543 
166.10109448917692 0.3493136363636363 
166.2010917830899 0.34892181818181817 
166.30108907700293 0.34852999999999995 
166.4011060515485 0.34813909090909084 
166.50110334546153 0.3477472727272727 
166.60110063937455 0.3473554545454545 
166.70109793328757 0.3469645454545454 
166.80109522720062 0.34657272727272725 
166.9010925211136 0.34618090909090904 
167.00110949565922 0.34579 
167.1011067895722 0.34539818181818177 
167.20110408348526 0.3450072727272727 
167.30110137739828 0.3446154545454545 
167.4010986713113 0.34422363636363634 
167.50111564585686 0.34383272727272723 
167.60111293976988 0.3434409090909091 
167.70111023368293 0.3430490909090909 
167.80110752759592 0.34265818181818175 
167.90110482150897 0.34226636363636365 
168.001102115422 0.34187454545454543 
168.10111908996757 0.3414836363636364 
168.2011163838806 0.34109181818181816 
168.3011136777936 0.34069999999999995 
168.40111097170663 0.3403090909090909 
168.50110826561968 0.3399172727272727 
168.60110555953267 0.3395254545454545 
168.70112253407828 0.3391345454545454 
168.80111982799127 0.33874272727272725 
168.9011171219043 0.33835181818181814 
169.00111441581734 0.3379599999999999 
169.10111170973033 0.3375681818181818 
169.20112868427591 0.33717727272727266 
169.30112597818894 0.33678545454545455 
169.40112327210198 0.33639363636363634 
169.50112056601498 0.3360027272727273 
169.60111785992802 0.33561090909090907 
169.70111515384104 0.33521999999999996 
169.80113212838663 0.3348281818181818 
169.90112942229965 0.3344363636363636 
170.00112671621267 0.33404545454545453 
170.1011240101257 0.3336536363636363 
170.20112130403874 0.33326181818181816 
170.30111859795173 0.33287090909090905 
170.40113557249728 0.3324790909090909 
170.50113286641033 0.3320881818181818 
170.60113016032335 0.3316963636363636 
170.70112745423637 0.33130454545454546 
170.8011247481494 0.33091363636363635 
170.90114172269497 0.33052181818181814 
171.001139016608 0.33013 
171.10113631052104 0.32973909090909087 
171.20113360443403 0.3293472727272727 
171.30113089834708 0.3289563636363636 
171.4011281922601 0.32856454545454544 
171.50114516680568 0.3281727272727272 
171.6011424607187 0.3277818181818182 
171.7011397546317 0.32738999999999996 
171.80113704854475 0.3269981818181818 
171.9011343424578 0.3266072727272727 
172.0011316363708 0.32621545454545453 
172.10114861091634 0.3258245454545454 
172.2011459048294 0.32543272727272726 
172.3011431987424 0.32504090909090905 
172.40114049265543 0.32465 
172.50113778656845 0.3242581818181818 
172.60115476111403 0.3238672727272727 
172.70115205502705 0.3234754545454545 
172.8011493489401 0.32308363636363635 
172.9011466428531 0.32269272727272724 
173.00114393676614 0.322300909090909 
173.10114123067916 0.32191 
173.20115820522471 0.32151818181818176 
173.30115549913774 0.32112636363636365 
173.40115279305076 0.3207354545454545 
173.5011500869638 0.3203436363636364 
173.6011473808768 0.3199527272727272 
173.70114467478984 0.31956090909090906 
173.8011616493354 0.3191690909090909 
173.90115894324845 0.3187781818181818 
174.00115623716147 0.31838636363636363 
174.1011535310745 0.3179954545454545 
174.2011508249875 0.31760363636363637 
174.3011677995331 0.31721181818181815 
174.4011650934461 0.3168209090909091 
174.50116238735916 0.3164290909090909 
174.60115968127215 0.3160381818181818 
174.7011569751852 0.3156463636363636 
174.80115426909822 0.3152545454545454 
174.90117124364377 0.31486363636363635 
175.0011685375568 0.31447181818181813 
175.1011658314698 0.3140809090909091 
175.20116312538286 0.31368909090909086 
175.30116041929585 0.3132972727272727 
175.4011577132089 0.3129063636363636 
175.50117468775446 0.31251454545454543 
175.6011719816675 0.3121236363636363 
175.70116927558053 0.31173181818181817 
175.80116656949355 0.31134090909090906 
175.90116386340657 0.3109490909090909 
176.00118083795212 0.3105572727272727 
176.10117813186517 0.31016636363636363 
176.20117542577816 0.3097745454545454 
176.3011727196912 0.30938363636363636 
176.40117001360426 0.30899181818181815 
176.50116730751728 0.3086 
176.60118428206283 0.3082090909090909 
176.70118157597585 0.30781727272727266 
176.80117886988887 0.3074263636363636 
176.90117616380192 0.3070345454545454 
177.0011734577149 0.30664363636363634 
177.10119043226047 0.3062518181818181 
177.20118772617352 0.30586090909090907 
177.30118502008656 0.30546909090909086 
177.40118231399958 0.3050772727272727 
177.5011796079126 0.3046863636363636 
177.60117690182562 0.30429454545454543 
177.70119387637118 0.3039036363636363 
177.80119117028423 0.30351181818181816 
177.90118846419722 0.30312090909090905 
178.00118575811027 0.3027290909090909 
178.10118305202332 0.30233727272727273 
178.2011803459363 0.3019463636363636 
178.3011973204819 0.3015545454545454 
178.4011946143949 0.30116363636363636 
178.50119190830793 0.30077181818181814 
178.60118920222098 0.3003809090909091 
178.70118649613397 0.29998909090909087 
178.80120347067952 0.2995972727272727 
178.90120076459257 0.2992063636363636 
179.00119805850562 0.29881454545454544 
179.1011953524186 0.29842363636363634 
179.20119264633166 0.2980318181818181 
179.30118994024468 0.29764090909090907 
179.40120691479024 0.29724909090909085 
179.50120420870329 0.2968581818181818 
179.60120150261628 0.2964663636363636 
179.70119879652933 0.29607545454545453 
179.80119609044237 0.2956836363636363 
179.90119338435537 0.29529181818181816 
180.00121035890092 0.29490090909090905 
180.10120765281397 0.2945090909090909 
180.201204946727 0.2941181818181818 
180.30120224064004 0.2937263636363636 
180.40119953455303 0.2933354545454545 
180.50121650909858 0.29294363636363635 
180.60121380301163 0.29255272727272724 
180.70121109692468 0.2921609090909091 
180.80120839083767 0.29176909090909087 
180.90120568475072 0.2913781818181818 
181.00120297866374 0.2909863636363636 
181.1012199532093 0.29059545454545455 
181.20121724712234 0.29020363636363633 
181.30121454103534 0.2898127272727273 
181.40121183494838 0.28942090909090906 
181.50120912886143 0.28903 
181.60120642277442 0.2886381818181818 
181.70122339731998 0.28824727272727274 
181.80122069123303 0.2878554545454545 
181.90121798514605 0.2874645454545455 
182.00121527905907 0.28707272727272726 
182.1012125729721 0.28668181818181815 
182.20122954751764 0.28629 
182.3012268414307 0.2858990909090909 
182.40122413534374 0.2855072727272727 
182.50122142925673 0.2851163636363636 
182.60121872316978 0.28472454545454545 
182.7012160170828 0.28433272727272724 
182.80123299162835 0.2839418181818182 
182.90123028554137 0.28354999999999997 
183.0012275794544 0.28315909090909086 
183.10122487336744 0.2827672727272727 
183.20122216728046 0.2823763636363636 
183.30121946119348 0.28198454545454543 
183.40123643573904 0.2815936363636363 
183.50123372965209 0.28120181818181816 
183.6012310235651 0.28081090909090906 
183.70122831747813 0.2804190909090909 
183.80122561139115 0.2800281818181818 
183.9012425859367 0.2796363636363636 
184.00123987984975 0.2792454545454545 
184.1012371737628 0.2788536363636363 
184.2012344676758 0.27846272727272725 
184.30123176158884 0.27807090909090904 
184.40122905550186 0.27768 
184.5012460300474 0.27728818181818177 
184.60124332396043 0.2768972727272727 
184.70124061787345 0.2765054545454545 
184.8012379117865 0.27611454545454545 
184.9012352056995 0.27572272727272723 
185.00123249961254 0.2753318181818182 
185.1012494741581 0.27493999999999996 
185.20124676807114 0.2745490909090909 
185.30124406198416 0.2741572727272727 
185.40124135589718 0.2737663636363636 
185.5012386498102 0.2733745454545454 
185.60125562435576 0.2729836363636363 
185.7012529182688 0.27259181818181816 
185.8012502121818 0.27220090909090905 
185.90124750609485 0.2718090909090909 
186.00124480000787 0.2714181818181818 
186.10124209392092 0.2710263636363636 
186.20125906846647 0.2706354545454545 
186.3012563623795 0.2702436363636363 
186.4012536562925 0.26985272727272724 
186.50125095020556 0.2694618181818182 
186.60124824411855 0.26907 
186.7012455380316 0.26867909090909087 
186.80126251257715 0.2682872727272727 
186.9012598064902 0.2678963636363636 
187.00125710040322 0.26750454545454544 
187.10125439431621 0.26711363636363633 
187.20125168822926 0.26672181818181817 
187.30126866277482 0.26633090909090906 
187.40126595668787 0.2659390909090909 
187.50126325060086 0.2655481818181818 
187.6012605445139 0.2651563636363636 
187.70125783842693 0.2647654545454545 
187.80125513233995 0.2643736363636363 
187.90127210688553 0.26398272727272726 
188.00126940079855 0.26359090909090904 
188.10126669471157 0.2632 
188.20126398862462 0.2628090909090909 
188.3012612825376 0.2624172727272727 
188.40125857645066 0.2620263636363636 
188.5012755509962 0.26163454545454545 
188.60127284490923 0.26124363636363634 
188.70127013882228 0.2608518181818182 
188.80126743273527 0.2604609090909091 
188.90126472664832 0.26006909090909086 
189.00128170119388 0.2596781818181818 
189.10127899510692 0.25928727272727276 
189.20127628901992 0.25889545454545454 
189.30127358293296 0.25850454545454543 
189.40127087684598 0.25811272727272727 
189.501268170759 0.25772181818181816 
189.6012851453046 0.25733 
189.7012824392176 0.2569390909090909 
189.80127973313063 0.25654727272727273 
189.90127702704368 0.2561563636363636 
190.00127432095667 0.2557654545454545 
190.10127161486972 0.25537363636363636 
190.20128858941527 0.25498272727272725 
190.3012858833283 0.2545909090909091 
190.4012831772413 0.2542 
190.50128047115433 0.2538081818181818 
190.60127776506738 0.2534172727272727 
190.70129473961293 0.2530263636363636 
190.80129203352598 0.2526345454545454 
190.90128932743897 0.25224363636363634 
191.00128662135202 0.2518518181818181 
191.10128391526504 0.25146090909090907 
191.20128120917806 0.25106909090909085 
191.30129818372362 0.2506781818181818 
191.40129547763664 0.2502872727272727 
191.50129277154969 0.2498954545454545 
191.60129006546273 0.24950454545454545 
191.70128735937573 0.24911272727272724 
191.80128465328877 0.24872181818181816 
191.90130162783433 0.24833090909090907 
192.00129892174735 0.2479390909090909 
192.10129621566037 0.2475481818181818 
192.2012935095734 0.24715636363636362 
192.30129080348644 0.24676545454545454 
192.401307778032 0.2463745454545454 
192.50130507194504 0.24598272727272727 
192.60130236585803 0.24559181818181813 
192.70129965977108 0.2452 
192.8012969536841 0.24480909090909087 
192.90129424759712 0.24441818181818178 
193.00131122214268 0.2440263636363636 
193.1013085160557 0.24363545454545452 
193.20130580996874 0.24324363636363633 
193.30130310388174 0.24285272727272725 
193.40130039779478 0.24246181818181817 
193.50129769170783 0.24206999999999998 
193.6013146662534 0.2416790909090909 
193.7013119601664 0.24128727272727268 
193.80130925407943 0.2408963636363636 
193.90130654799245 0.24050545454545455 
194.0013038419055 0.24011363636363633 
194.10132081645105 0.23972272727272725 
194.20131811036404 0.23933090909090907 
194.3013154042771 0.23893999999999999 
194.40131269819014 0.2385490909090909 
194.50130999210316 0.23815727272727272 
194.60130728601618 0.23776636363636364 
194.70132426056173 0.2373754545454545 
194.80132155447475 0.23698363636363637 
194.9013188483878 0.23659272727272723 
195.0013161423008 0.2362009090909091 
195.10131343621384 0.23580999999999996 
195.2013107301269 0.23541909090909088 
195.30132770467245 0.2350272727272727 
195.40132499858547 0.23463636363636362 
195.5013222924985 0.23424545454545453 
195.6013195864115 0.23385363636363635 
195.70131688032455 0.23346272727272727 
195.8013338548701 0.23307181818181819 
195.9013311487831 0.23268 
196.00132844269615 0.23228909090909092 
196.1013257366092 0.23189818181818178 
196.2013230305222 0.23150636363636365 
196.30132032443524 0.2311154545454545 
196.4013372989808 0.23072363636363635 
196.5013345928938 0.23033272727272724 
196.60133188680686 0.22994181818181816 
196.70132918071985 0.22954999999999998 
196.8013264746329 0.2291590909090909 
196.90132376854595 0.22876818181818181 
197.0013407430915 0.2283763636363636 
197.1013380370045 0.22798545454545455 
197.20133533091754 0.22759454545454547 
197.30133262483056 0.22720272727272725 
197.4013299187436 0.22681181818181817 
197.50134689328917 0.2264209090909091 
197.60134418720216 0.22602909090909087 
197.7013414811152 0.2256381818181818 
197.80133877502826 0.2252472727272727 
197.90133606894125 0.22485545454545453 
198.0013333628543 0.22446454545454542 
198.10135033739985 0.22407363636363636 
198.20134763131287 0.22368181818181815 
198.30134492522592 0.22329090909090907 
198.4013422191389 0.2229 
198.50133951305196 0.2225081818181818 
198.6013564875975 0.2221172727272727 
198.70135378151056 0.2217263636363636 
198.80135107542355 0.22133545454545453 
198.9013483693366 0.22094363636363634 
199.00134566324962 0.22055272727272723 
199.10134295716264 0.22016181818181818 
199.20135993170823 0.21976999999999997 
199.30135722562122 0.21937909090909088 
199.40135451953427 0.2189881818181818 
199.50135181344731 0.21859636363636362 
199.6013491073603 0.2182054545454545 
199.70134640127336 0.21781454545454543 
199.8013633758189 0.21742363636363635 
199.90136066973193 0.21703181818181816 
200.00135796364495 0.21664090909090905 
200.10135525755797 0.21625 
200.20135255147102 0.21585818181818178 
200.30136952601657 0.2154672727272727 
200.40136681992962 0.21507636363636362 
200.5013641138426 0.21468545454545454 
200.60136140775566 0.21429363636363633 
200.70135870166868 0.21390272727272724 
200.8013559955817 0.21351181818181816 
200.90137297012726 0.21311999999999998 
201.00137026404028 0.21272909090909087 
201.10136755795332 0.21233818181818181 
201.20136485186637 0.2119472727272727 
201.30136214577936 0.21155545454545452 
201.40135943969238 0.21116454545454544 
201.50137641423797 0.21077363636363636 
201.601373708151 0.21038272727272725 
201.701371002064 0.20999090909090906 
201.80136829597703 0.20959999999999998 
201.90136558989008 0.2092090909090909 
202.00138256443563 0.2088181818181818 
202.10137985834868 0.20842636363636363 
202.20137715226167 0.20803545454545452 
202.30137444617472 0.20764454545454544 
202.40137174008774 0.20725363636363633 
202.50136903400076 0.20686181818181817 
202.6013860085463 0.20647090909090907 
202.70138330245933 0.20607999999999999 
202.80138059637238 0.20568909090909088 
202.90137789028537 0.20529727272727272 
203.00137518419842 0.2049063636363636 
203.10137247811144 0.20451545454545453 
203.20138945265703 0.20412454545454542 
203.30138674657005 0.20373272727272726 
203.40138404048307 0.20334181818181818 
203.5013813343961 0.20295090909090907 
203.60137862830913 0.20255999999999996 
203.7013956028547 0.20216909090909088 
203.80139289676774 0.20177727272727272 
203.90139019068073 0.2013863636363636 
204.00138748459378 0.20099545454545453 
204.1013847785068 0.20060454545454545 
204.2013820724198 0.20021363636363634 
204.30139904696537 0.19982181818181816 
204.4013963408784 0.19943090909090908 
204.50139363479144 0.19904 
204.60139092870443 0.19864909090909091 
204.70138822261748 0.1982581818181818 
204.8013855165305 0.19786636363636365 
204.90140249107608 0.19747545454545454 
205.0013997849891 0.19708454545454546 
205.10139707890212 0.19669363636363635 
205.20139437281514 0.19630272727272727 
205.3013916667282 0.19591090909090908 
205.40140864127375 0.19552 
205.50140593518674 0.1951290909090909 
205.6014032290998 0.1947381818181818 
205.7014005230128 0.1943472727272727 
205.80139781692583 0.19395545454545454 
205.90139511083885 0.19356454545454543 
206.00141208538443 0.19317363636363635 
206.10140937929745 0.19278272727272724 
206.2014066732105 0.1923918181818182 
206.3014039671235 0.19200090909090908 
206.40140126103654 0.1916090909090909 
206.50139855494956 0.19121818181818181 
206.60141552949514 0.19082727272727273 
206.70141282340816 0.19043636363636363 
206.80141011732115 0.19004545454545455 
206.9014074112342 0.18965454545454544 
207.00140470514725 0.18926363636363633 
207.1014216796928 0.18887181818181817 
207.2014189736058 0.1884809090909091 
207.30141626751885 0.18808999999999998 
207.40141356143187 0.1876990909090909 
207.5014108553449 0.1873081818181818 
207.6014081492579 0.1869172727272727 
207.7014251238035 0.18652636363636363 
207.8014224177165 0.18613454545454544 
207.90141971162956 0.18574363636363636 
208.00141700554255 0.18535272727272728 
208.1014142994556 0.18496181818181817 
208.20141159336862 0.18457090909090906 
208.30142856791417 0.18417999999999998 
208.4014258618272 0.18378909090909087 
208.5014231557402 0.1833981818181818 
208.60142044965326 0.18300636363636363 
208.7014177435663 0.18261545454545453 
208.80143471811186 0.18222454545454542 
208.90143201202486 0.18183363636363634 
209.0014293059379 0.18144272727272726 
209.10142659985092 0.18105181818181817 
209.20142389376394 0.18066090909090907 
209.30142118767697 0.18026999999999999 
209.40143816222255 0.17987909090909088 
209.50143545613557 0.1794881818181818 
209.60143275004862 0.1790963636363636 
209.7014300439616 0.17870545454545453 
209.80142733787466 0.17831454545454542 
209.90142463178768 0.17792363636363634 
210.00144160633323 0.17753272727272726 
210.10143890024625 0.17714181818181818 
210.20143619415927 0.17675090909090907 
210.30143348807232 0.17636 
210.4014307819853 0.17596909090909088 
210.50144775653092 0.1755781818181818 
210.6014450504439 0.1751872727272727 
210.70144234435696 0.1747963636363636 
210.80143963826998 0.17440545454545453 
210.901436932183 0.17401454545454545 
211.00143422609602 0.17362363636363634 
211.10145120064158 0.17323272727272726 
211.20144849455463 0.17284090909090907 
211.30144578846762 0.17245 
211.40144308238067 0.17205909090909088 
211.50144037629371 0.1716681818181818 
211.60143767020674 0.1712772727272727 
211.7014546447523 0.17088636363636361 
211.8014519386653 0.17049545454545453 
211.90144923257833 0.17010454545454545 
212.00144652649138 0.16971363636363634 
212.10144382040437 0.16932272727272726 
212.20146079494995 0.16893181818181816 
212.30145808886297 0.16854090909090907 
212.40145538277602 0.16814999999999997 
212.50145267668904 0.1677590909090909 
212.60144997060206 0.1673681818181818 
212.70144726451508 0.16697727272727272 
212.80146423906064 0.16658636363636362 
212.90146153297368 0.16619545454545454 
213.00145882688668 0.16580454545454543 
213.10145612079972 0.16541363636363635 
213.20145341471277 0.16502272727272727 
213.30145070862577 0.16463181818181818 
213.40146768317135 0.16424090909090908 
213.50146497708437 0.16385 
213.6014622709974 0.1634590909090909 
213.70145956491044 0.1630681818181818 
213.80145685882343 0.1626772727272727 
213.90147383336898 0.16228636363636362 
214.00147112728203 0.16189545454545454 
214.10146842119508 0.16150454545454546 
214.20146571510807 0.16111454545454543 
214.30146300902112 0.16072363636363635 
214.40146030293414 0.16033272727272727 
214.5014772774797 0.15994181818181818 
214.60147457139274 0.15955090909090908 
214.70147186530573 0.15916 
214.80146915921878 0.1587690909090909 
214.90146645313183 0.1583781818181818 
215.00146374704482 0.1579872727272727 
215.10148072159038 0.15759636363636365 
215.20147801550343 0.15720545454545454 
215.30147530941645 0.15681454545454546 
215.4014726033295 0.15642363636363635 
215.5014698972425 0.15603272727272727 
215.60148687178804 0.15564181818181816 
215.7014841657011 0.15525181818181819 
215.80148145961414 0.15486090909090908 
215.90147875352713 0.15447 
216.00147604744018 0.1540790909090909 
216.1014733413532 0.1536881818181818 
216.20149031589875 0.15329727272727273 
216.3014876098118 0.15290636363636365 
216.4014849037248 0.15251545454545454 
216.50148219763784 0.15212454545454546 
216.6014794915509 0.15173454545454546 
216.70147678546388 0.15134363636363635 
216.80149376000944 0.15095272727272727 
216.90149105392248 0.15056181818181816 
217.0014883478355 0.15017090909090908 
217.10148564174852 0.14977999999999997 
217.20148293566155 0.1493890909090909 
217.3014999102071 0.1489990909090909 
217.40149720412015 0.1486081818181818 
217.5014944980332 0.1482172727272727 
217.6014917919462 0.14782636363636362 
217.70148908585924 0.14743545454545454 
217.80148637977226 0.14704454545454546 
217.9015033543178 0.14665454545454543 
218.00150064823083 0.14626363636363635 
218.10149794214385 0.14587272727272727 
218.2014952360569 0.14548181818181818 
218.30149252996992 0.14509090909090908 
218.4015095045155 0.1447 
218.5015067984285 0.14431 
218.60150409234154 0.1439190909090909 
218.70150138625456 0.1435281818181818 
218.80149868016758 0.14313727272727272 
218.9014959740806 0.14274727272727272 
219.00151294862616 0.14235636363636364 
219.1015102425392 0.14196545454545453 
219.20150753645225 0.14157454545454545 
219.30150483036525 0.14118363636363634 
219.4015021242783 0.14079363636363637 
219.50149941819132 0.14040272727272726 
219.60151639273687 0.14001181818181818 
219.7015136866499 0.13962090909090907 
219.8015109805629 0.1392309090909091 
219.90150827447596 0.13884 
220.00150556838895 0.1384490909090909 
220.10152254293456 0.1380581818181818 
220.20151983684755 0.1376681818181818 
220.3015171307606 0.13727727272727272 
220.40151442467362 0.1368863636363636 
220.50151171858664 0.13649545454545453 
220.60150901249966 0.13610545454545453 
220.70152598704522 0.13571454545454545 
220.80152328095826 0.13532363636363634 
220.90152057487126 0.13493363636363637 
221.0015178687843 0.13454272727272726 
221.10151516269732 0.13415181818181818 
221.20151245661037 0.13376181818181818 
221.30152943115593 0.1333709090909091 
221.40152672506895 0.13298 
221.50152401898197 0.1325890909090909 
221.60152131289502 0.1321990909090909 
221.701518606808 0.13180818181818182 
221.80153558135362 0.1314181818181818 
221.9015328752666 0.13102727272727271 
222.00153016917966 0.13063636363636363 
222.10152746309268 0.13024636363636363 
222.2015247570057 0.12985545454545452 
222.30152205091872 0.12946454545454544 
222.40153902546427 0.12907454545454544 
222.50153631937732 0.12868363636363636 
222.60153361329031 0.12829272727272725 
222.70153090720336 0.12790272727272728 
222.80152820111638 0.12751181818181817 
222.9015254950294 0.1271218181818182 
223.00154246957499 0.1267309090909091 
223.101539763488 0.12633999999999998 
223.20153705740103 0.12594999999999998 
223.30153435131407 0.1255590909090909 
223.40153164522707 0.1251690909090909 
223.50154861977262 0.1247781818181818 
223.60154591368567 0.12438727272727272 
223.7015432075987 0.1239972727272727 
223.80154050151174 0.12360636363636363 
223.90153779542473 0.12321636363636362 
224.00153508933778 0.12282545454545454 
224.10155206388333 0.12243545454545453 
224.20154935779638 0.12204454545454545 
224.30154665170937 0.12165454545454545 
224.40154394562242 0.12126363636363637 
224.50154123953544 0.12087363636363635 
224.60153853344846 0.12048272727272727 
224.70155550799404 0.12009181818181817 
224.80155280190706 0.11970181818181819 
224.90155009582008 0.11931090909090908 
225.00154738973313 0.11892090909090909 
225.10154468364613 0.11852999999999998 
225.20156165819168 0.11813999999999998 
225.30155895210473 0.11775 
225.40155624601775 0.11735909090909089 
225.50155353993077 0.1169690909090909 
225.6015508338438 0.1165781818181818 
225.70154812775684 0.11618818181818182 
225.8015651023024 0.11579727272727271 
225.90156239621544 0.11540727272727272 
226.00155969012843 0.11501636363636362 
226.10155698404148 0.11462636363636364 
226.2015542779545 0.11423545454545453 
226.30155157186752 0.11384545454545454 
226.40156854641307 0.11345545454545453 
226.5015658403261 0.11306454545454545 
226.60156313423914 0.11267454545454544 
226.7015604281522 0.11228363636363635 
226.80155772206518 0.11189363636363635 
226.90157469661074 0.11150363636363636 
227.0015719905238 0.11111272727272727 
227.1015692844368 0.11072272727272726 
227.20156657834983 0.11033272727272726 
227.30156387226285 0.10994181818181817 
227.4015611661759 0.10955181818181818 
227.50157814072145 0.10916181818181818 
227.6015754346345 0.10877090909090908 
227.7015727285475 0.10838090909090908 
227.80157002246054 0.10799090909090908 
227.90156731637356 0.1076 
228.00156461028658 0.10720999999999999 
228.10158158483213 0.10681999999999998 
228.20157887874515 0.10642909090909089 
228.3015761726582 0.1060390909090909 
228.4015734665712 0.1056490909090909 
228.50157076048424 0.1052590909090909 
228.6015877350298 0.1048681818181818 
228.70158502894284 0.1044781818181818 
228.80158232285586 0.10408818181818182 
228.90157961676888 0.10369818181818181 
229.0015769106819 0.10330727272727272 
229.10157420459495 0.10291727272727272 
229.2015911791405 0.10252727272727272 
229.3015884730535 0.10213727272727273 
229.40158576696655 0.10174636363636363 
229.5015830608796 0.10135636363636362 
229.60158035479262 0.10096636363636362 
229.70157764870564 0.10057636363636363 
229.8015946232512 0.10018636363636363 
229.9015919171642 0.09979636363636363 
230.00158921107726 0.09940545454545453 
230.10158650499025 0.09901545454545453 
230.2015837989033 0.09862545454545454 
230.30160077344885 0.09823545454545454 
230.4015980673619 0.09784545454545454 
230.50159536127492 0.09745545454545454 
230.60159265518794 0.09706545454545454 
230.70158994910096 0.09667545454545454 
230.801587243014 0.09628545454545454 
230.90160421755957 0.09589454545454544 
231.00160151147256 0.09550454545454544 
231.1015988053856 0.09511454545454544 
231.20159609929865 0.09472454545454545 
231.30159339321165 0.09433454545454545 
231.4015906871247 0.09394454545454545 
231.50160766167025 0.09355454545454545 
231.60160495558327 0.09316454545454544 
231.70160224949632 0.09277454545454546 
231.8015995434093 0.09238454545454546 
231.90159683732236 0.09199454545454545 
232.0016138118679 0.09160454545454544 
232.10161110578096 0.09121454545454544 
232.20160839969395 0.09082454545454545 
232.301605693607 0.09043454545454545 
232.40160298752002 0.09004454545454545 
232.50160028143307 0.08965454545454545 
232.60161725597862 0.08926545454545454 
232.70161454989162 0.08887545454545454 
232.80161184380466 0.08848545454545455 
232.9016091377177 0.08809545454545455 
233.0016064316307 0.08770545454545454 
233.10160372554375 0.08731545454545453 
233.2016207000893 0.08692545454545453 
233.30161799400233 0.08653545454545454 
233.40161528791538 0.08614636363636363 
233.50161258182837 0.08575636363636363 
233.60160987574142 0.08536636363636363 
233.70162685028697 0.08497636363636363 
233.80162414420002 0.08458636363636363 
233.901621438113 0.08419727272727273 
234.00161873202606 0.08380727272727273 
234.10161602593908 0.08341727272727271 
234.2016133198521 0.08302727272727271 
234.30163029439768 0.0826381818181818 
234.40162758831067 0.0822481818181818 
234.50162488222372 0.08185818181818182 
234.60162217613677 0.08146909090909091 
234.70161947004976 0.0810790909090909 
234.8016167639628 0.0806890909090909 
234.90163373850837 0.0803 
235.0016310324214 0.07991 
235.1016283263344 0.07952 
235.20162562024743 0.07913090909090909 
235.30162291416048 0.07874090909090908 
235.40163988870603 0.07835090909090908 
235.50163718261908 0.07796181818181817 
235.60163447653207 0.07757181818181817 
235.70163177044512 0.07718272727272726 
235.80162906435814 0.07679272727272728 
235.90162635827116 0.07640363636363635 
236.0016433328167 0.07601363636363635 
236.10164062672973 0.07562454545454544 
236.20163792064278 0.07523454545454544 
236.30163521455583 0.07484545454545453 
236.40163250846882 0.07445545454545455 
236.50162980238184 0.07406636363636364 
236.60164677692742 0.07367636363636364 
236.70164407084044 0.07328727272727271 
236.80164136475346 0.0728981818181818 
236.90163865866649 0.0725081818181818 
237.00163595257953 0.0721190909090909 
237.1016529271251 0.07172909090909091 
237.20165022103814 0.07134 
237.30164751495113 0.07095090909090909 
237.40164480886418 0.07056181818181818 
237.5016421027772 0.07017181818181817 
237.60163939669022 0.06978272727272726 
237.70165637123577 0.06939363636363635 
237.8016536651488 0.06900363636363636 
237.90165095906184 0.06861454545454546 
238.00164825297483 0.06822545454545455 
238.10164554688788 0.06783636363636364 
238.20166252143343 0.06744727272727272 
238.30165981534648 0.06705818181818181 
238.4016571092595 0.06666818181818181 
238.50165440317252 0.0662790909090909 
238.60165169708554 0.06588999999999999 
238.7016489909986 0.0655009090909091 
238.80166596554415 0.06511181818181819 
238.9016632594572 0.06472272727272727 
239.0016605533702 0.06433363636363636 
239.10165784728324 0.06394454545454545 
239.20165514119626 0.06355545454545454 
239.30165243510925 0.06316636363636363 
239.40166940965483 0.06277727272727272 
239.50166670356785 0.06238818181818181 
239.6016639974809 0.0619990909090909 
239.7016612913939 0.06160999999999999 
239.80165858530694 0.061221818181818176 
239.9016755598525 0.06083272727272727 
240.00167285376554 0.060443636363636366 
240.10167014767856 0.060054545454545444 
240.20166744159158 0.059665454545454535 
240.3016647355046 0.05927727272727272 
240.40166202941765 0.05888818181818181 
240.5016790039632 0.05849909090909091 
240.6016762978762 0.05811 
240.70167359178924 0.05772181818181817 
240.80167088570226 0.057332727272727264 
240.90166817961529 0.05694454545454545 
241.0016654735283 0.05655545454545454 
241.1016824480739 0.05616636363636363 
241.2016797419869 0.05577818181818182 
241.30167703589996 0.05538909090909091 
241.40167432981295 0.055000909090909086 
241.501671623726 0.05461181818181818 
241.60168859827155 0.054223636363636356 
241.7016858921846 0.05383545454545454 
241.80168318609762 0.05344636363636363 
241.90168048001064 0.05305818181818181 
242.00167777392366 0.052669999999999995 
242.1016750678367 0.052280909090909086 
242.20169204238226 0.05189272727272727 
242.30168933629525 0.05150454545454545 
242.4016866302083 0.05111636363636363 
242.50168392412132 0.050727272727272725 
242.60168121803434 0.0503390909090909 
242.70167851194736 0.04995090909090909 
242.80169548649295 0.049562727272727265 
242.90169278040597 0.04917454545454545 
243.00169007431901 0.04878636363636363 
243.101687368232 0.04839818181818181 
243.20168466214506 0.04800999999999999 
243.3017016366906 0.047621818181818175 
243.40169893060363 0.04723363636363636 
243.50169622451665 0.04684636363636363 
243.60169351842967 0.04645818181818181 
243.70169081234272 0.04606999999999999 
243.80168810625577 0.04568181818181818 
243.90170508080132 0.04529454545454545 
244.0017023747143 0.04490636363636363 
244.10169966862736 0.04451818181818181 
244.20169696254038 0.04413090909090908 
244.3016942564534 0.043742727272727266 
244.40169155036642 0.04335545454545454 
244.501708524912 0.04296727272727272 
244.60170581882502 0.04257999999999999 
244.70170311273807 0.04219272727272727 
244.80170040665107 0.04180454545454545 
244.9016977005641 0.041417272727272726 
245.00171467510967 0.04103 
245.1017119690227 0.04064272727272727 
245.2017092629357 0.040255454545454546 
245.30170655684873 0.03986727272727272 
245.40170385076178 0.03948 
245.50170114467477 0.039092727272727265 
245.60171811922038 0.03870636363636363 
245.70171541313337 0.03831909090909091 
245.80171270704642 0.03793181818181818 
245.90171000095944 0.037544545454545455 
246.00170729487246 0.037157272727272726 
246.10170458878548 0.03677090909090908 
246.20172156333103 0.03638363636363636 
246.30171885724408 0.035997272727272725 
246.40171615115707 0.035609999999999996 
246.50171344507012 0.03522363636363636 
246.60171073898317 0.03483636363636363 
246.70172771352873 0.034449999999999995 
246.80172500744175 0.034063636363636365 
246.90172230135477 0.03367727272727273 
247.0017195952678 0.033290909090909086 
247.10171688918084 0.03290454545454545 
247.20171418309383 0.03251818181818182 
247.3017311576394 0.03213181818181818 
247.40172845155243 0.03174545454545454 
247.50172574546548 0.031359090909090906 
247.6017230393785 0.03097363636363636 
247.70172033329152 0.030587272727272727 
247.80171762720454 0.03020181818181818 
247.9017346017501 0.029815454545454544 
248.00173189566314 0.029429999999999998 
248.10172918957613 0.02904454545454545 
248.20172648348918 0.028659090909090905 
248.30172377740223 0.028273636363636362 
248.40174075194778 0.027888181818181815 
248.5017380458608 0.02750272727272727 
248.60173533977382 0.027117272727272726 
248.70173263368685 0.026732727272727273 
248.8017299275999 0.026347272727272726 
248.90172722151289 0.025962727272727273 
249.00174419605844 0.025577272727272726 
249.1017414899715 0.025192727272727273 
249.20173878388454 0.024808181818181816 
249.30173607779753 0.024423636363636363 
249.40173337171058 0.024039999999999995 
249.5017306656236 0.023655454545454542 
249.60174764016915 0.02327090909090909 
249.7017449340822 0.022887272727272725 
249.8017422279952 0.022503636363636365 
249.90173952190824 0.022119999999999997 
250.0017368158213 0.021736363636363634 
250.10175379036684 0.02135272727272727 
250.20175108427983 0.020969090909090906 
250.30174837819288 0.020586363636363632 
250.4017456721059 0.02020363636363636 
250.50174296601895 0.01982090909090909 
250.60174025993194 0.01943818181818182 
250.7017572344775 0.019055454545454546 
250.80175452839055 0.01867363636363636 
250.9017518223036 0.018290909090909087 
251.0017491162166 0.017909090909090906 
251.10174641012964 0.017528181818181818 
251.20174370404266 0.017146363636363633 
251.3017606785882 0.016765454545454545 
251.40175797250126 0.016384545454545454 
251.50175526641425 0.016003636363636362 
251.6017525603273 0.01562272727272727 
251.70174985424035 0.015242727272727272 
251.8017668287859 0.01486272727272727 
251.9017641226989 0.014483636363636363 
252.00176141661194 0.014104545454545453 
252.10175871052496 0.013725454545454544 
252.20175600443798 0.013346363636363635 
252.301753298351 0.012968181818181816 
252.40177027289656 0.01259090909090909 
252.5017675668096 0.012213636363636364 
252.60176486072265 0.011836363636363636 
252.70176215463565 0.011459999999999998 
252.8017594485487 0.011083636363636363 
252.9017567424617 0.010708181818181816 
253.00177371700727 0.010333636363636363 
253.1017710109203 0.009959090909090907 
253.2017683048333 0.009585454545454545 
253.30176559874636 0.009212727272727272 
253.40176289265938 0.008839999999999999 
253.50177986720496 0.008468181818181817 
253.60177716111795 0.008098181818181817 
253.701774455031 0.007728181818181817 
253.80177174894402 0.007359090909090908 
253.90176904285704 0.0069918181818181815 
254.00176633677006 0.0066254545454545455 
254.10178331131561 0.006259999999999999 
254.20178060522866 0.005896363636363635 
254.3017778991417 0.0055345454545454534 
254.4017751930547 0.005173636363636363 
254.50177248696775 0.004815454545454545 
254.60176978088077 0.004459090909090908 
254.70178675542633 0.004106363636363636 
254.80178404933935 0.0037554545454545453 
254.90178134325237 0.003408181818181818 
255.00177863716542 0.0030654545454545453 
255.1017759310784 0.002726363636363636 
255.20179290562402 0.0023936363636363634 
255.301790199537 0.002067272727272727 
255.40178749345006 0.0017499999999999998 
255.50178478736308 0.0014427272727272726 
255.6017820812761 0.0011481818181818182 
255.70177937518912 0.0008718181818181817 
255.80179634973467 0.0006181818181818182 
255.90179364364772 0.0003963636363636364 
256.0017909375607 0.00021545454545454542 
256.10178823147373 8.999999999999999e-05 
256.2017855253868 2.3636363636363634e-05 
256.30178281929983 2.7272727272727272e-06 
256.4017997938454 0.0 
256.5017970877584 0.0 
256.6017943816714 0.0 
256.70179167558445 0.0 
256.80178896949747 0.0 
256.9018059440431 0.0 
257.00180323795604 0.0 
257.1018005318691 0.0 
257.20179782578214 0.0 
257.30179511969516 0.0 
257.4017924136082 0.0 
257.50180938815373 0.0 
257.60180668206675 0.0 
257.7018039759798 0.0 
257.8018012698928 0.0 
257.90179856380587 0.0 
258.00179585771883 0.0 
258.10181283226444 0.0 
258.20181012617746 0.0 
258.3018074200905 0.0 
258.4018047140035 0.0 
258.5018020079165 0.0 
258.6018189824621 0.0 
258.7018162763751 0.0 
258.8018135702882 0.0 
258.9018108642012 0.0 
259.0018081581142 0.0 
259.10180545202724 0.0 
259.2018224265728 0.0 
259.3018197204858 0.0 
259.40181701439883 0.0 
259.50181430831185 0.0 
259.6018116022249 0.0 
259.7018285767705 0.0 
259.8018258706835 0.0 
259.9018231645965 0.0 
