time d2 
0.0 1.0 
0.20000012300395337 0.9992163636363635 
0.3999999384980233 0.9984327272727272 
0.6000000615019767 0.9976490909090907 
0.80000018450593 0.9968663636363636 
1.0 0.9960827272727272 
1.2000001230039534 0.9952999999999999 
1.3999999384980233 0.9945163636363636 
1.6000000615019767 0.9937327272727271 
1.80000018450593 0.9929490909090908 
2.0000003075098833 0.9921663636363636 
2.2000004305138368 0.9913827272727272 
2.40000055351779 0.9905990909090908 
2.6000003690118603 0.9898163636363635 
2.8000004920158132 0.9890327272727272 
3.000000615019767 0.988249090909091 
3.20000073802372 0.9874663636363636 
3.400000861027674 0.9866827272727271 
3.600000984031627 0.9858990909090909 
3.800000799525697 0.9851163636363636 
4.00000092252965 0.9843327272727271 
4.200001045533604 0.9835499999999998 
4.400001168537557 0.9827663636363635 
4.600001291541511 0.9819827272727273 
4.800001414545464 0.9811990909090907 
5.000001230039534 0.9804163636363635 
5.2000007380237205 0.9796327272727272 
5.400000861027674 0.9788499999999999 
5.600000369011861 0.9780663636363637 
5.800000492015814 0.9772827272727271 
6.0 0.9764999999999998 
6.199999507984186 0.9757163636363636 
6.39999963098814 0.9749336363636363 
6.5999991389723265 0.97415 
6.79999926197628 0.9733663636363635 
6.999998769960467 0.9725827272727272 
7.1999988929644205 0.9718 
7.399998400948607 0.9710163636363635 
7.59999852395256 0.9702327272727271 
7.799998031936746 0.9694499999999999 
7.9999981549407 0.9686663636363636 
8.199997662924886 0.9678827272727272 
8.399997170909073 0.9670999999999998 
8.599997293913026 0.9663163636363635 
8.799996801897212 0.9655336363636363 
8.999996924901167 0.96475 
9.199996432885353 0.9639663636363635 
9.399996555889306 0.9631827272727272 
9.599996063873492 0.9623999999999999 
9.799996186877447 0.9616163636363636 
9.999996309881398 0.9608336363636364 
10.199996432885353 0.9600499999999998 
10.399996555889306 0.9592663636363636 
10.599997293913026 0.9584836363636363 
10.799998031936745 0.9576999999999999 
10.999998769960467 0.9569163636363636 
11.199998277944653 0.9561336363636362 
11.399999015968373 0.95535 
11.599999753992094 0.9545672727272727 
11.79999926197628 0.9537836363636362 
12.0 0.953 
12.20000073802372 0.9522172727272726 
12.400000246007908 0.9514336363636363 
12.600000984031627 0.9506499999999999 
12.800001722055347 0.9498672727272726 
13.000002460079068 0.9490836363636364 
13.200001968063253 0.948300909090909 
13.400002706086973 0.9475172727272726 
13.600003444110696 0.9467336363636363 
13.80000295209488 0.945950909090909 
14.0000036901186 0.9451672727272727 
14.20000442814232 0.9443836363636362 
14.400003936126508 0.9436009090909089 
14.600004674150227 0.9428172727272727 
14.800005412173947 0.9420345454545453 
15.000006150197667 0.941250909090909 
15.200005658181855 0.9404672727272726 
15.400006396205574 0.9396845454545453 
15.600007134229294 0.9389009090909091 
15.800006642213482 0.9381172727272727 
16.000007380237204 0.9373345454545454 
16.20000811826092 0.936550909090909 
16.400007626245106 0.9357681818181817 
16.600008364268827 0.9349845454545455 
16.80000910229255 0.9342009090909089 
17.00000984031627 0.9334172727272726 
17.200009348300455 0.9326345454545454 
17.400010086324173 0.9318509090909091 
17.600010824347894 0.9310681818181819 
17.800010332332082 0.9302845454545453 
18.0000110703558 0.929501818181818 
18.20001180837952 0.9287181818181818 
18.400012546403243 0.9279345454545455 
18.600012054387427 0.9271518181818181 
18.80001279241115 0.9263681818181817 
19.00001353043487 0.9255845454545454 
19.200013038419055 0.9248018181818182 
19.400013776442776 0.9240181818181818 
19.600014514466494 0.9232354545454545 
19.800014022450682 0.9224518181818181 
20.00001353043487 0.9216690909090908 
20.200013038419055 0.9208854545454546 
20.40001254640324 0.9201027272727272 
20.600010824347894 0.9193190909090907 
20.800010332332082 0.9185354545454545 
21.000009840316267 0.9177527272727272 
21.200009348300455 0.9169690909090908 
21.400008856284643 0.9161854545454544 
21.600008364268827 0.9154027272727271 
21.80000541217395 0.9146190909090909 
22.000004920158137 0.9138363636363636 
22.200004428142318 0.9130527272727272 
22.400003936126506 0.9122690909090908 
22.600003444110694 0.9114863636363635 
22.800002952094882 0.9107027272727273 
23.00000246007907 0.90992 
23.200001968063255 0.9091363636363636 
23.399999015968373 0.9083527272727272 
23.59999852395256 0.9075699999999999 
23.79999803193675 0.9067863636363636 
23.999997539920933 0.9060036363636363 
24.199997047905118 0.9052199999999999 
24.399996555889306 0.9044363636363636 
24.599996063873494 0.9036536363636363 
24.799995571857682 0.9028699999999998 
24.9999926197628 0.9020872727272726 
25.199992127746988 0.9013036363636363 
25.399991635731173 0.9005209090909091 
25.59999114371536 0.8997372727272727 
25.799990651699545 0.8989536363636362 
25.999990159683733 0.898170909090909 
26.199989667667918 0.8973872727272726 
26.399989175652106 0.8966045454545454 
26.599986223557224 0.8958209090909091 
26.799985731541412 0.8950372727272726 
26.9999852395256 0.8942545454545454 
27.199984747509788 0.893470909090909 
27.399984255493973 0.8926881818181818 
27.599983763478157 0.8919045454545454 
27.799983271462345 0.891120909090909 
27.999982779446533 0.8903381818181818 
28.19997982735165 0.8895554545454545 
28.399979335335836 0.888771818181818 
28.599978843320024 0.8879881818181817 
28.799978351304212 0.8872054545454544 
28.9999778592884 0.8864218181818182 
29.199977367272588 0.8856390909090909 
29.39997687525677 0.8848554545454544 
29.599976383240957 0.8840718181818181 
29.79997343114608 0.8832890909090908 
29.999972939130263 0.8825063636363636 
30.19997244711445 0.8817227272727272 
30.399971955098636 0.8809390909090908 
30.599971463082824 0.8801563636363636 
30.79997097106701 0.8793727272727272 
30.9999704790512 0.87859 
31.19996998703538 0.8778063636363636 
31.399967034940506 0.8770236363636362 
31.59996654292469 0.87624 
31.799966050908875 0.8754572727272727 
31.999965558893063 0.8746736363636363 
32.19996506687725 0.87389 
32.399964574861436 0.8731072727272726 
32.599964082845624 0.8723236363636363 
32.79996359082981 0.87154 
32.99996063873493 0.8707572727272727 
33.199960146719114 0.8699745454545454 
33.3999596547033 0.869190909090909 
33.59995916268749 0.8684072727272727 
33.79995867067168 0.8676245454545454 
33.99995817865586 0.8668409090909089 
34.19995768664005 0.8660581818181817 
34.399957194624236 0.8652745454545454 
34.59995424252936 0.8644918181818182 
34.799953750513545 0.8637081818181818 
34.99995325849773 0.8629254545454544 
35.199952766481914 0.8621418181818181 
35.3999522744661 0.8613590909090908 
35.59995178245029 0.8605754545454545 
35.79995129043448 0.8597918181818182 
35.99995079841866 0.8590090909090908 
36.19994784632378 0.8582254545454545 
36.39994735430797 0.8574427272727272 
36.59994686229216 0.8566590909090908 
36.799946370276345 0.8558763636363635 
36.99994587826053 0.8550927272727272 
37.199945386244714 0.85431 
37.3999448942289 0.8535263636363636 
37.59994440221309 0.8527436363636363 
37.799941450118205 0.8519599999999999 
37.99994095810239 0.8511772727272726 
38.19994046608658 0.8503936363636363 
38.39993997407077 0.849610909090909 
38.59993948205496 0.8488272727272727 
38.799938990039145 0.8480436363636363 
38.999938498023326 0.847260909090909 
39.199938006007514 0.8464772727272727 
39.3999375139917 0.8456945454545454 
39.59993948205495 0.844911818181818 
39.79994145011821 0.8441281818181817 
39.99994341818146 0.8433445454545454 
40.199945386244714 0.8425618181818182 
40.39994735430797 0.8417781818181818 
40.59994686229216 0.8409954545454544 
40.799948830355405 0.8402118181818181 
40.999950798418666 0.8394290909090908 
41.199952766481914 0.8386454545454545 
41.3999522744661 0.8378627272727273 
41.599956702608424 0.8370790909090908 
41.79995621059261 0.8362963636363636 
41.99996063873493 0.8355127272727272 
42.19996014671912 0.83473 
42.3999596547033 0.8339463636363635 
42.599964082845624 0.8331636363636362 
42.79996359082981 0.83238 
42.999968018972126 0.8315972727272727 
43.199967526956314 0.8308136363636363 
43.3999670349405 0.830030909090909 
43.599971463082824 0.8292472727272726 
43.799970971067005 0.8284645454545454 
43.99997539920933 0.827680909090909 
44.19997490719352 0.8268981818181818 
44.39997933533584 0.8261145454545454 
44.599978843320024 0.8253318181818181 
44.79997835130421 0.8245481818181818 
44.99998277944653 0.8237654545454545 
45.19998228743072 0.822981818181818 
45.399986715573036 0.8221990909090908 
45.599986223557224 0.8214154545454545 
45.79998573154141 0.8206327272727273 
45.999990159683726 0.8198490909090909 
46.199989667667914 0.8190663636363635 
46.39999409581024 0.8182827272727272 
46.59999360379443 0.8174999999999999 
46.799998031936745 0.8167163636363636 
46.99999753992093 0.8159336363636362 
47.19999704790512 0.8151499999999999 
47.40000147604744 0.8143672727272727 
47.60000098403163 0.8135845454545454 
47.800005412173945 0.8128009090909091 
48.00000492015813 0.8120172727272726 
48.20000442814232 0.8112345454545454 
48.40000885628464 0.810450909090909 
48.600008364268824 0.8096681818181817 
48.80001279241115 0.8088854545454545 
49.00001230039534 0.8081018181818181 
49.20001180837953 0.8073190909090909 
49.40001623652184 0.8065354545454545 
49.60001574450603 0.8057527272727272 
49.800020172648345 0.8049690909090909 
50.00001968063253 0.8041863636363635 
50.200024108774855 0.8034027272727272 
50.40002361675904 0.8026199999999999 
50.60002312474323 0.8018363636363636 
50.80002755288555 0.8010536363636364 
51.00002706086973 0.8002699999999999 
51.20003148901206 0.7994872727272727 
51.40003099699625 0.7987045454545454 
51.60003050498043 0.797920909090909 
51.80003493312275 0.7971372727272727 
52.00003444110694 0.7963545454545454 
52.200038869249255 0.7955718181818182 
52.40003837723344 0.7947881818181818 
52.600042805375764 0.7940054545454545 
52.80004231335995 0.7932218181818181 
53.00004182134413 0.7924390909090908 
53.20004624948646 0.7916554545454545 
53.40004575747065 0.7908727272727272 
53.600050185612965 0.7900899999999998 
53.80004969359715 0.7893063636363636 
54.00004920158134 0.7885236363636363 
54.20005362972366 0.78774 
54.40005313770785 0.7869572727272727 
54.600057565850165 0.7861736363636362 
54.80005707383435 0.785390909090909 
55.00005658181854 0.7846072727272726 
55.200061009960855 0.7838245454545454 
55.40006051794504 0.7830418181818181 
55.60006494608737 0.7822581818181817 
55.80006445407156 0.7814754545454545 
56.000068882213874 0.7806918181818181 
56.20006839019806 0.7799090909090909 
56.40006789818225 0.7791254545454545 
56.60007232632457 0.7783427272727271 
56.80007183430875 0.7775590909090909 
57.000076262451074 0.7767763636363636 
57.20007577043526 0.7759936363636364 
57.40007527841945 0.77521 
57.600079706561765 0.7744272727272726 
57.80007921454595 0.7736436363636363 
58.00008364268828 0.772860909090909 
58.20008315067247 0.7720781818181818 
58.400087578814784 0.7712945454545453 
58.60008708679897 0.7705118181818181 
58.80008659478316 0.7697281818181818 
59.000091022925474 0.7689454545454545 
59.20009053090966 0.7681618181818182 
59.400094959051984 0.7673790909090908 
59.60009446703617 0.7665963636363636 
59.80009397502036 0.7658127272727272 
60.00009840316268 0.7650299999999999 
60.20009791114686 0.7642463636363636 
60.40010233928919 0.7634636363636362 
60.60010184727338 0.7626799999999999 
60.80010135525756 0.7618972727272727 
61.00010578339988 0.7611145454545454 
61.20010529138407 0.7603309090909091 
61.400109719526384 0.7595481818181817 
61.60010922751057 0.7587645454545454 
61.80011365565289 0.7579818181818181 
62.000113163637074 0.7571990909090908 
62.20011267162126 0.7564154545454546 
62.40011709976359 0.7556327272727272 
62.60011660774777 0.7548490909090909 
62.80012103589009 0.7540663636363636 
63.00012054387428 0.7532836363636363 
63.20012005185847 0.7525 
63.40012448000079 0.7517172727272726 
63.60012398798498 0.7509345454545454 
63.80012841612729 0.750150909090909 
64.00012792411148 0.7493672727272727 
64.2001323522538 0.7485845454545454 
64.40013186023799 0.7478018181818181 
64.60013136822218 0.7470181818181818 
64.8001357963645 0.7462354545454545 
65.00013530434869 0.7454527272727273 
65.20013973249101 0.7446690909090908 
65.4001392404752 0.7438863636363635 
65.60013874845939 0.7431036363636363 
65.8001431766017 0.7423199999999999 
66.00014268458588 0.7415372727272728 
66.2001471127282 0.7407536363636363 
66.40014662071239 0.739970909090909 
66.60014612869658 0.7391881818181818 
66.8001505568389 0.7384045454545454 
67.00015006482309 0.7376218181818182 
67.20015449296541 0.7368390909090908 
67.4001540009496 0.7360554545454544 
67.60015842909192 0.7352727272727272 
67.80015793707611 0.7344890909090909 
68.00015744506028 0.7337063636363637 
68.2001618732026 0.7329236363636363 
68.40016138118679 0.7321399999999999 
68.60016580932911 0.7313572727272727 
68.8001653173133 0.7305745454545454 
69.00016482529749 0.729790909090909 
69.2001692534398 0.7290081818181817 
69.40016876142398 0.7282254545454545 
69.60017318956632 0.7274418181818181 
69.80017269755051 0.7266590909090908 
70.00017712569282 0.7258763636363635 
70.200176633677 0.7250927272727272 
70.40017614166119 0.72431 
70.60018056980351 0.7235263636363636 
70.8001800777877 0.7227436363636363 
71.00018450593002 0.721960909090909 
71.20018401391421 0.7211772727272726 
71.4001835218984 0.7203945454545454 
71.6001879500407 0.7196118181818181 
71.8001874580249 0.7188281818181818 
72.00019188616723 0.7180454545454545 
72.20019139415142 0.7172627272727272 
72.40019582229372 0.7164790909090909 
72.60019533027791 0.7156963636363636 
72.8001948382621 0.7149127272727273 
73.00019926640442 0.7141299999999999 
73.20019877438861 0.7133472727272726 
73.40020320253093 0.7125636363636363 
73.60020271051512 0.711780909090909 
73.80020221849931 0.7109981818181818 
74.00020664664163 0.7102145454545454 
74.2002061546258 0.7094318181818181 
74.40021058276814 0.7086490909090909 
74.60021009075233 0.7078663636363636 
74.80020959873652 0.7070827272727273 
75.00021402687882 0.7062999999999999 
75.20021353486301 0.7055172727272727 
75.40021796300533 0.7047336363636363 
75.60021747098952 0.703950909090909 
75.80022189913184 0.7031681818181817 
76.00022140711603 0.7023845454545453 
76.20022091510022 0.7016018181818181 
76.40022534324254 0.7008190909090908 
76.60022485122671 0.7000354545454545 
76.80022927936905 0.6992527272727272 
77.00022878735322 0.6984699999999999 
77.20022829533741 0.6976863636363636 
77.40023272347973 0.6969036363636363 
77.60023223146392 0.6961209090909091 
77.80023665960624 0.6953372727272726 
78.00023616759043 0.6945545454545453 
78.20024059573275 0.6937718181818181 
78.40024010371692 0.6929890909090908 
78.60023961170111 0.6922054545454546 
78.80024403984345 0.6914227272727272 
79.00024354782762 0.69064 
79.20024797596994 0.6898563636363636 
79.40024748395413 0.6890736363636363 
79.60024699193832 0.6882909090909091 
79.80025142008066 0.6875072727272726 
80.00025092806483 0.6867245454545454 
80.20025535620715 0.6859418181818181 
80.40025486419134 0.6851590909090909 
80.60025437217553 0.6843754545454545 
80.80025880031783 0.6835927272727271 
81.00025830830204 0.6828099999999999 
81.20026273644436 0.6820263636363636 
81.40026224442853 0.6812436363636364 
81.60026667257085 0.6804609090909091 
81.80026618055504 0.6796781818181818 
82.00026568853923 0.6788945454545454 
82.20027011668157 0.6781118181818181 
82.40026962466574 0.6773290909090909 
82.60027405280806 0.6765454545454544 
82.80027848095037 0.6757627272727272 
83.00027306877644 0.6749799999999999 
83.20027749691874 0.6741972727272727 
83.40028192506107 0.6734136363636364 
83.60027651288712 0.6726309090909091 
83.80028094102944 0.6718481818181818 
84.00028536917176 0.6710654545454545 
84.20027995699782 0.6702818181818182 
84.40028438514014 0.6694990909090909 
84.60028881328248 0.6687163636363636 
84.80029324142478 0.6679336363636363 
85.00028782925082 0.6671499999999999 
85.20029225739316 0.6663672727272727 
85.40029668553548 0.6655845454545454 
85.60029127336153 0.6648018181818182 
85.80029570150386 0.6640181818181817 
86.00030012964618 0.6632354545454544 
86.20030455778848 0.6624527272727272 
86.40029914561454 0.6616699999999999 
86.60030357375686 0.6608863636363637 
86.80030800189918 0.6601036363636363 
87.00030258972524 0.6593209090909091 
87.20030701786756 0.6585381818181818 
87.40031144600988 0.6577545454545454 
87.60030603383593 0.6569718181818182 
87.80031046197824 0.6561890909090908 
88.00031489012056 0.6554063636363636 
88.20031931826288 0.6546236363636363 
88.40031390608894 0.65384 
88.60031833423126 0.6530572727272727 
88.8003227623736 0.6522745454545453 
89.00031735019964 0.6514918181818181 
89.20032177834194 0.6507081818181818 
89.40032620648428 0.6499254545454546 
89.6003306346266 0.6491427272727273 
89.80032522245266 0.64836 
90.00032965059498 0.6475772727272727 
90.2003340787373 0.6467936363636363 
90.40032866656335 0.6460109090909091 
90.60033309470568 0.6452281818181818 
90.80033752284798 0.6444454545454545 
91.0003419509903 0.6436618181818181 
91.20033653881636 0.6428790909090909 
91.40034096695868 0.6420963636363636 
91.600345395101 0.6413136363636363 
91.80033998292706 0.640530909090909 
92.00034441106938 0.6397481818181817 
92.20034883921169 0.6389645454545454 
92.40034342703775 0.6381818181818181 
92.60034785518006 0.6373990909090909 
92.80035228332238 0.6366163636363635 
93.0003567114647 0.6358327272727272 
93.20035129929076 0.63505 
93.40035572743308 0.6342672727272727 
93.60036015557542 0.6334845454545455 
93.80035474340146 0.6327018181818181 
94.00035917154376 0.6319190909090909 
94.2003635996861 0.6311354545454545 
94.40036802782842 0.6303527272727272 
94.60036261565448 0.62957 
94.8003670437968 0.6287872727272726 
95.00037147193912 0.6280045454545454 
95.20036605976517 0.627220909090909 
95.40037048790748 0.6264381818181818 
95.6003749160498 0.6256554545454545 
95.80036950387586 0.6248727272727272 
96.00037393201818 0.6240899999999999 
96.2003783601605 0.6233072727272726 
96.40038278830282 0.6225245454545454 
96.60037737612888 0.6217409090909091 
96.80038180427118 0.6209581818181819 
97.0003862324135 0.6201754545454545 
97.20038082023956 0.6193927272727273 
97.40038524838188 0.61861 
97.6003896765242 0.6178263636363636 
97.80039410466654 0.6170436363636363 
98.00038869249258 0.616260909090909 
98.20039312063489 0.6154781818181818 
98.40039754877722 0.6146954545454545 
98.60039213660326 0.6139127272727273 
98.8003965647456 0.61313 
99.00040099288792 0.6123463636363635 
99.20039558071396 0.6115636363636363 
99.4004000088563 0.610780909090909 
99.60040443699862 0.6099981818181818 
99.80040886514092 0.6092154545454544 
100.00040345296699 0.6084327272727272 
100.2004078811093 0.6076499999999999 
100.40041230925162 0.6068672727272727 
100.60040689707768 0.6060836363636363 
100.80041132522 0.605300909090909 
101.00041575336232 0.6045181818181817 
101.20042018150463 0.6037354545454544 
101.4004147693307 0.6029527272727272 
101.600419197473 0.6021699999999999 
101.80042362561532 0.6013872727272727 
102.00041821344138 0.6006045454545453 
102.2004226415837 0.5998218181818181 
102.40042706972602 0.5990381818181818 
102.60043149786836 0.5982554545454545 
102.8004260856944 0.5974727272727273 
103.0004305138367 0.5966899999999999 
103.20043494197904 0.5959072727272727 
103.40042952980508 0.5951245454545454 
103.60043395794742 0.5943418181818182 
103.80043838608974 0.5935590909090909 
104.00043297391578 0.5927763636363637 
104.20043740205811 0.5919927272727272 
104.40044183020042 0.5912099999999999 
104.60044625834274 0.5904272727272727 
104.8004408461688 0.5896445454545454 
105.00044527431112 0.5888618181818182 
105.20044970245344 0.5880790909090908 
105.4004442902795 0.5872963636363636 
105.60044871842182 0.5865136363636363 
105.80045314656412 0.5857309090909091 
106.00045757470645 0.5849481818181818 
106.2004521625325 0.5841654545454544 
106.40045659067482 0.5833827272727272 
106.60046101881714 0.5825990909090908 
106.8004556066432 0.5818163636363636 
107.00046003478552 0.5810336363636363 
107.20046446292783 0.580250909090909 
107.4004590507539 0.5794681818181817 
107.6004634788962 0.5786854545454545 
107.80046790703854 0.5779027272727272 
108.00047233518086 0.5771199999999999 
108.2004669230069 0.5763372727272726 
108.40047135114924 0.5755545454545453 
108.60047577929156 0.5747718181818181 
108.80047036711761 0.5739890909090908 
109.00047479525993 0.5732063636363636 
109.20047922340224 0.5724236363636362 
109.40048365154456 0.571640909090909 
109.60047823937062 0.5708581818181817 
109.80048266751294 0.5700754545454545 
110.00048709565526 0.5692927272727272 
110.20048168348131 0.5685090909090909 
110.40048611162364 0.5677272727272727 
110.60049053976594 0.5669445454545454 
110.80049496790826 0.5661609090909091 
111.00048955573432 0.5653790909090909 
111.20049398387664 0.5645954545454546 
111.40049841201896 0.5638127272727272 
111.60049299984502 0.5630299999999999 
111.80049742798734 0.5622472727272727 
112.00050185612967 0.5614645454545454 
112.2004964439557 0.5606818181818182 
112.40050087209802 0.5598990909090908 
112.60050530024036 0.5591163636363636 
112.80050972838268 0.5583336363636363 
113.00050431620872 0.5575509090909091 
113.20050874435105 0.5567681818181818 
113.40051317249338 0.5559854545454546 
113.60050776031943 0.5552027272727272 
113.80051218846174 0.55442 
114.00051661660406 0.5536372727272727 
114.20052104474638 0.5528545454545454 
114.40051563257244 0.5520718181818182 
114.60052006071476 0.5512890909090908 
114.80052448885708 0.5505063636363636 
115.00051907668313 0.5497236363636363 
115.20052350482544 0.5489409090909091 
115.40052793296776 0.5481581818181818 
115.60052252079382 0.5473754545454546 
115.80052694893614 0.5465927272727272 
116.00053137707846 0.54581 
116.20053580522078 0.5450281818181818 
116.40053039304684 0.5442445454545454 
116.60053482118914 0.5434627272727273 
116.80053924933148 0.5426799999999999 
117.00053383715752 0.5418972727272727 
117.20053826529984 0.5411145454545454 
117.40054269344218 0.5403318181818182 
117.6005471215845 0.5395490909090909 
117.80054170941055 0.5387663636363637 
118.00054613755287 0.5379836363636363 
118.20055056569518 0.5372009090909091 
118.40054515352125 0.5364181818181818 
118.60054958166356 0.5356354545454546 
118.80055400980588 0.5348527272727273 
119.00054859763193 0.5340699999999999 
119.20055302577425 0.5332872727272727 
119.40055745391658 0.5325045454545454 
119.60056188205888 0.5317218181818182 
119.80055646988495 0.5309390909090909 
120.00056089802726 0.5301563636363636 
120.20056532616958 0.5293736363636363 
120.40055991399564 0.5285918181818182 
120.60056434213796 0.5278090909090909 
120.80056877028028 0.5270263636363637 
121.00057319842261 0.5262436363636364 
121.20056778624866 0.5254609090909091 
121.40057221439096 0.5246781818181818 
121.6005766425333 0.5238954545454545 
121.80057123035934 0.5231127272727273 
122.00057565850167 0.52233 
122.200580086644 0.5215472727272727 
122.40058451478632 0.5207645454545454 
122.60057910261237 0.5199818181818182 
122.80058353075468 0.5191999999999999 
123.000587958897 0.5184172727272727 
123.20058254672306 0.5176345454545453 
123.40058697486538 0.5168518181818181 
123.6005914030077 0.5160690909090908 
123.80058599083375 0.5152863636363636 
124.00059041897607 0.5145036363636363 
124.20059484711838 0.5137209090909091 
124.4005992752607 0.5129381818181817 
124.60059386308676 0.5121563636363636 
124.80059829122908 0.5113736363636363 
125.0006027193714 0.510590909090909 
125.20059730719746 0.5098081818181818 
125.40060173533978 0.5090254545454544 
125.60060616348208 0.5082427272727272 
125.80061059162442 0.5074599999999999 
126.00060517945046 0.5066772727272727 
126.20060960759278 0.5058954545454545 
126.40061403573512 0.5051127272727273 
126.60060862356116 0.50433 
126.8006130517035 0.5035472727272727 
127.00061747984581 0.5027645454545454 
127.20061206767186 0.5019818181818182 
127.40061649581419 0.5012 
127.6006209239565 0.5004172727272728 
127.80062535209882 0.49963454545454544 
128.0006199399249 0.4988518181818182 
128.2006243680672 0.4980690909090909 
128.4006287962095 0.49728727272727263 
128.60062338403557 0.49650454545454537 
128.80062781217788 0.4957218181818181 
129.00063224032021 0.49493909090909083 
129.20063666846252 0.49415636363636367 
129.4006312562886 0.49337363636363635 
129.6006356844309 0.49259181818181813 
129.8006401125732 0.49180909090909086 
130.00063470039927 0.4910263636363636 
130.20063912854158 0.49024363636363627 
130.40064355668392 0.489460909090909 
130.60063814450996 0.48867909090909084 
130.8006425726523 0.4878963636363636 
131.00064700079463 0.4871136363636363 
131.20065142893694 0.48633090909090904 
131.40064601676298 0.48554818181818177 
131.6006504449053 0.4847663636363636 
131.80065487304762 0.48398363636363634 
132.0006494608737 0.48320090909090907 
132.200653889016 0.4824181818181818 
132.40065831715833 0.48163636363636364 
132.60066274530064 0.48085363636363637 
132.8006573331267 0.4800709090909091 
133.00066176126901 0.47928818181818184 
133.20066618941132 0.47850636363636356 
133.4006607772374 0.4777236363636363 
133.6006652053797 0.476940909090909 
133.80066963352203 0.47615818181818176 
134.00067406166434 0.4753763636363636 
134.2006686494904 0.47459363636363633 
134.40067307763272 0.47381090909090906 
134.60067750577502 0.4730281818181818 
134.8006720936011 0.47224636363636363 
135.0006765217434 0.47146363636363636 
135.20068094988574 0.47068090909090904 
135.40067553771178 0.46989909090909093 
135.6006799658541 0.4691163636363636 
135.80068439399642 0.46833363636363634 
136.00068882213876 0.4675509090909091 
136.2006834099648 0.46676909090909086 
136.40068783810713 0.4659863636363636 
136.60069226624944 0.46520363636363626 
136.8006868540755 0.464420909090909 
137.00069128221782 0.46363909090909083 
137.20069571036012 0.46285636363636357 
137.40070013850246 0.4620736363636363 
137.6006947263285 0.46129181818181814 
137.80069915447083 0.46050909090909087 
138.00070358261314 0.4597263636363636 
138.2006981704392 0.45894454545454544 
138.40070259858152 0.45816181818181817 
138.60070702672382 0.4573790909090909 
138.8007016145499 0.45659727272727263 
139.0007060426922 0.45581454545454536 
139.20071047083454 0.4550318181818181 
139.40071489897684 0.45424999999999993 
139.6007094868029 0.45346727272727266 
139.80071391494522 0.4526845454545454 
140.00071834308756 0.45190272727272723 
140.2007129309136 0.45111999999999997 
140.4007173590559 0.4503372727272727 
140.60072178719824 0.4495554545454545 
140.80072621534057 0.4487727272727272 
141.00072080316662 0.44799090909090905 
141.20072523130895 0.4472081818181818 
141.40072965945126 0.4464254545454545 
141.60072424727733 0.4456436363636363 
141.80072867541963 0.44486090909090903 
142.00073310356194 0.44407818181818176 
142.20073753170428 0.4432963636363636 
142.40073211953032 0.44251363636363633 
142.60073654767265 0.44173090909090906 
142.80074097581496 0.44094909090909085 
143.00073556364103 0.4401663636363636 
143.20073999178334 0.4393845454545454 
143.40074441992564 0.43860181818181815 
143.6007390077517 0.4378190909090909 
143.80074343589402 0.43703727272727266 
144.00074786403636 0.4362545454545454 
144.20075229217866 0.43547272727272723 
144.40074688000473 0.43468999999999997 
144.60075130814704 0.43390818181818175 
144.80075573628937 0.4331254545454545 
145.00075032411542 0.43234272727272727 
145.20075475225772 0.43156090909090905 
145.40075918040006 0.4307781818181818 
145.6007636085424 0.4299963636363636 
145.80075819636843 0.42921363636363635 
146.00076262451077 0.4284309090909091 
146.20076705265308 0.42764909090909087 
146.40076164047915 0.4268663636363636 
146.60076606862145 0.42608454545454544 
146.80077049676376 0.42530181818181817 
147.00076508458983 0.42451999999999995 
147.20076951273214 0.4237372727272727 
147.40077394087447 0.4229554545454545 
147.60077836901678 0.42217272727272726 
147.80077295684285 0.42139090909090904 
148.00077738498516 0.42060818181818177 
148.20078181312746 0.4198263636363636 
148.40077640095353 0.41904363636363634 
148.60078082909584 0.4182618181818181 
148.80078525723818 0.41747909090909086 
149.0007896853805 0.4166972727272727 
149.20078427320655 0.4159145454545454 
149.40078870134886 0.4151327272727272 
149.6007931294912 0.41434999999999994 
149.80078771731723 0.4135681818181818 
150.00079214545957 0.4127854545454545 
150.20079657360188 0.41200363636363635 
150.40079116142792 0.411220909090909 
150.60079558957025 0.4104390909090909 
150.8008000177126 0.4096563636363636 
151.0008044458549 0.40887454545454543 
151.20079903368097 0.40809181818181817 
151.40080346182327 0.40731 
151.60080788996558 0.4065281818181818 
151.80080247779165 0.4057454545454545 
152.00080690593396 0.40496363636363636 
152.2008113340763 0.4041809090909091 
152.4008157622186 0.4033990909090909 
152.60081035004464 0.4026163636363636 
152.80081477818698 0.40183454545454544 
153.00081920632928 0.4010527272727272 
153.20081379415535 0.40026999999999996 
153.40081822229766 0.3994881818181818 
153.60082265044 0.39870545454545453 
153.80082707858233 0.3979236363636363 
154.00082166640834 0.39714090909090904 
154.20082609455068 0.3963590909090909 
154.400830522693 0.39557727272727267 
154.60082511051905 0.3947945454545454 
154.8008295386614 0.39401272727272724 
155.0008339668037 0.3932309090909091 
155.20082855462974 0.3924481818181818 
155.40083298277207 0.39166636363636365 
155.60083741091438 0.39088454545454543 
155.80084183905672 0.39010181818181816 
156.00083642688276 0.38932 
156.2008408550251 0.38853727272727273 
156.4008452831674 0.3877554545454545 
156.60083987099347 0.38697363636363635 
156.80084429913578 0.3861909090909091 
157.00084872727808 0.38540909090909087 
157.20085315542042 0.3846272727272727 
157.40084774324646 0.38384454545454544 
157.6008423310725 0.3830627272727272 
157.80084675921483 0.38228090909090906 
158.0008413470409 0.3814981818181818 
158.2008457751832 0.3807163636363636 
158.40085020332555 0.37993454545454547 
158.60085463146785 0.37915272727272725 
158.8008492192939 0.37837 
159.00085364743626 0.3775881818181818 
159.20085807557857 0.3768063636363636 
159.4008526634046 0.37602363636363634 
159.6008570915469 0.3752418181818182 
159.80086151968925 0.37445999999999996 
160.00085610751532 0.3736781818181818 
160.20086053565763 0.37289545454545453 
160.40086496379996 0.3721136363636363 
160.60086939194227 0.37133181818181815 
160.8008639797683 0.3705490909090909 
161.00086840791062 0.36976727272727267 
161.20087283605295 0.36898545454545456 
161.40086742387902 0.36820363636363634 
161.60087185202133 0.3674218181818182 
161.80087628016366 0.3666390909090909 
162.00088070830597 0.3658572727272727 
162.200875296132 0.36507545454545454 
162.40087972427432 0.3642936363636363 
162.60088415241668 0.36351090909090905 
162.80087874024272 0.3627290909090909 
163.00088316838503 0.3619472727272727 
163.20088759652737 0.3611654545454545 
163.4008821843534 0.36038363636363635 
163.6008866124957 0.3596018181818182 
163.80089104063808 0.3588190909090909 
164.00089546878039 0.3580372727272727 
164.20089005660643 0.35725545454545454 
164.40089448474873 0.3564736363636363 
164.60089891289107 0.35569181818181816 
164.80089350071714 0.3549090909090909 
165.00089792885944 0.3541272727272727 
165.20090235700178 0.3533454545454545 
165.4008969448278 0.35256363636363636 
165.6009112132864 0.3517818181818182 
165.80090580111244 0.351 
166.0009003889385 0.3502181818181818 
166.20091465739708 0.3494363636363636 
166.40090924522315 0.34865454545454544 
166.6009038330492 0.34787181818181817 
166.8009181015078 0.34708999999999995 
167.00091268933383 0.3463081818181818 
167.2009072771599 0.34552636363636363 
167.4009215456185 0.3447445454545454 
167.60091613344454 0.34396272727272725 
167.80093040190314 0.34318090909090904 
168.00092498972919 0.3423990909090909 
168.2009195775552 0.34161727272727266 
168.4009338460138 0.3408354545454545 
168.60092843383987 0.34005363636363634 
168.8009230216659 0.3392718181818182 
169.0009372901245 0.33848999999999996 
169.20093187795055 0.3377081818181818 
169.40092646577662 0.33692545454545453 
169.6009407342352 0.3361436363636363 
169.80093532206126 0.3353627272727272 
170.0009299098873 0.3345809090909091 
170.2009441783459 0.3337990909090909 
170.40093876617195 0.3330172727272727 
170.60093335399802 0.3322354545454545 
170.8009476224566 0.33145363636363634 
171.00094221028266 0.3306718181818181 
171.20095647874123 0.32988999999999996 
171.40095106656727 0.3291081818181818 
171.6009456543933 0.32832636363636364 
171.80095992285192 0.3275445454545454 
172.00095451067796 0.32676272727272726 
172.20094909850403 0.32598090909090904 
172.40096336696263 0.3251990909090909 
172.60095795478867 0.32441727272727267 
172.8009525426147 0.3236354545454545 
173.0009668110733 0.32285363636363634 
173.20096139889938 0.3220718181818182 
173.40095598672542 0.32128999999999996 
173.60097025518402 0.3205081818181818 
173.80096484301006 0.3197263636363636 
174.0009594308361 0.31894545454545453 
174.20097369929468 0.31816363636363637 
174.40096828712078 0.31738181818181815 
174.60098255557932 0.3166 
174.8009771434054 0.3158181818181818 
175.00097173123143 0.3150363636363636 
175.20098599969003 0.3142545454545454 
175.40098058751607 0.31347363636363634 
175.60097517534214 0.3126918181818182 
175.80098944380072 0.31190999999999997 
176.00098403162679 0.3111281818181818 
176.20097861945283 0.3103463636363636 
176.40099288791143 0.30956545454545453 
176.60098747573747 0.30878363636363637 
176.80098206356354 0.30800181818181815 
177.00099633202214 0.30722 
177.20099091984818 0.3064381818181818 
177.40098550767422 0.3056572727272727 
177.6009997761328 0.30487545454545456 
177.80099436395884 0.30409363636363634 
178.00100863241744 0.3033118181818182 
178.2010032202435 0.3025309090909091 
178.40099780806955 0.30174909090909086 
178.60101207652815 0.30096727272727275 
178.8010066643542 0.30018636363636364 
179.00100125218026 0.2994045454545454 
179.20101552063883 0.29862272727272726 
179.4010101084649 0.29784090909090905 
179.60100469629094 0.29706 
179.80101896474955 0.2962781818181818 
180.00101355257559 0.2954963636363636 
180.20100814040165 0.2947154545454545 
180.4010224088602 0.29393363636363634 
180.6010169966863 0.2931518181818182 
180.80103126514487 0.29237090909090907 
181.0010258529709 0.29158909090909085 
181.20102044079695 0.2908072727272727 
181.40103470925555 0.29002636363636364 
181.60102929708162 0.2892445454545454 
181.80102388490766 0.2884636363636363 
182.00103815336627 0.28768181818181815 
182.2010327411923 0.28689999999999993 
182.40102732901835 0.2861190909090909 
182.60104159747695 0.2853372727272727 
182.80103618530302 0.2845563636363636 
183.00103077312906 0.2837745454545454 
183.20104504158766 0.28299363636363634 
183.4010396294137 0.2822118181818182 
183.60103421723974 0.28142999999999996 
183.80104848569832 0.2806490909090909 
184.0010430735244 0.27986727272727274 
184.20105734198296 0.27908636363636363 
184.40105192980903 0.2783045454545454 
184.60104651763507 0.27752363636363636 
184.80106078609367 0.2767418181818182 
185.0010553739197 0.2759609090909091 
185.20104996174578 0.2751790909090909 
185.40106423020438 0.2743981818181818 
185.60105881803042 0.2736172727272727 
185.80105340585646 0.27283545454545455 
186.00106767431507 0.27205454545454544 
186.2010622621411 0.2712727272727273 
186.40105684996718 0.27049181818181817 
186.60107111842575 0.26970999999999995 
186.8010657062518 0.26892909090909084 
187.00106029407783 0.2681481818181818 
187.20107456253643 0.2673663636363636 
187.4010691503625 0.2665854545454545 
187.60108341882108 0.26580454545454546 
187.80107800664715 0.26502272727272724 
188.0010725944732 0.26424181818181813 
188.2010868629318 0.2634609090909091 
188.40108145075783 0.2626790909090909 
188.6010760385839 0.2618981818181818 
188.80109030704247 0.2611172727272727 
189.00108489486854 0.26033545454545454 
189.20107948269458 0.2595545454545454 
189.40109375115316 0.2587736363636363 
189.6010883389792 0.25799272727272726 
189.8010829268053 0.2572109090909091 
190.00109719526384 0.25643 
190.2010917830899 0.2556490909090909 
190.40108637091595 0.2548681818181818 
190.60110063937455 0.2540863636363636 
190.8010952272006 0.2533054545454545 
191.0011094956592 0.25252454545454545 
191.20110408348526 0.25174363636363634 
191.4010986713113 0.2509627272727272 
191.6011129397699 0.2501809090909091 
191.80110752759595 0.24939999999999996 
192.001102115422 0.24861909090909087 
192.20111638388056 0.24783818181818176 
192.40111097170666 0.24705727272727268 
192.6011055595327 0.2462763636363636 
192.80111982799127 0.24549545454545452 
193.0011144158173 0.2447145454545454 
193.2011090036434 0.24393272727272727 
193.40112327210196 0.24315181818181816 
193.60111785992802 0.24237090909090908 
193.80111244775406 0.24159 
194.00112671621267 0.2408090909090909 
194.2011213040387 0.2400281818181818 
194.4011355724973 0.23924727272727273 
194.60113016032335 0.23846636363636364 
194.80112474814942 0.23768545454545453 
195.00113901660802 0.23690454545454545 
195.20113360443406 0.23612363636363637 
195.4011281922601 0.2353427272727273 
195.60114246071868 0.23456181818181818 
195.80113704854472 0.2337809090909091 
196.00113163637081 0.23299999999999996 
196.2011459048294 0.23221999999999998 
196.40114049265543 0.2314390909090909 
196.60113508048147 0.23065818181818182 
196.80114934894007 0.2298772727272727 
197.00114393676614 0.22909636363636363 
197.20113852459218 0.22831545454545454 
197.40115279305078 0.22753454545454543 
197.60114738087682 0.22675454545454546 
197.80116164933543 0.22597363636363632 
198.00115623716147 0.22519272727272724 
198.20115082498754 0.22441181818181816 
198.40116509344608 0.22363090909090907 
198.60115968127218 0.22285090909090907 
198.80115426909822 0.22207 
199.0011685375568 0.22128909090909088 
199.20116312538283 0.2205081818181818 
199.4011577132089 0.2197281818181818 
199.6011719816675 0.2189472727272727 
199.80116656949355 0.21816636363636363 
200.0011611573196 0.21738636363636363 
200.2011754257782 0.21660545454545455 
200.40117001360423 0.21582454545454544 
200.60118428206283 0.21504454545454543 
200.8011788698889 0.21426363636363635 
201.00117345771494 0.21348363636363635 
201.20118772617354 0.21270272727272724 
201.40118231399958 0.21192181818181816 
201.60117690182565 0.21114181818181815 
201.8011911702842 0.21036090909090907 
202.00118575811027 0.20958090909090907 
202.2011803459363 0.20879999999999999 
202.4011946143949 0.20801999999999998 
202.60118920222095 0.2072390909090909 
202.80118379004702 0.2064590909090909 
203.0011980585056 0.20567818181818182 
203.20119264633166 0.2048981818181818 
203.4011872341577 0.2041181818181818 
203.6012015026163 0.20333727272727273 
203.80119609044235 0.20255727272727272 
204.00121035890095 0.20177727272727272 
204.201204946727 0.2009963636363636 
204.40119953455306 0.2002163636363636 
204.60121380301166 0.1994363636363636 
204.80120839083767 0.19865545454545452 
205.0012029786637 0.19787545454545452 
205.20121724712232 0.19709545454545452 
205.40121183494838 0.19631454545454544 
205.60120642277442 0.19553454545454543 
205.80122069123303 0.19475454545454543 
206.00121527905907 0.19397454545454546 
206.2012098668851 0.19319454545454545 
206.4012241353437 0.19241363636363637 
206.60121872316978 0.19163363636363637 
206.80121331099582 0.19085363636363634 
207.00122757945442 0.19007363636363633 
207.20122216728046 0.18929363636363633 
207.40123643573907 0.18851363636363636 
207.60123102356508 0.18773363636363635 
207.80122561139117 0.18695363636363635 
208.00123987984972 0.18617363636363635 
208.2012344676758 0.18539363636363634 
208.40122905550183 0.18461363636363634 
208.60124332396043 0.18383363636363637 
208.80123791178647 0.18305363636363636 
209.00123249961254 0.18227363636363636 
209.20124676807114 0.18149363636363633 
209.40124135589718 0.18071363636363633 
209.60123594372322 0.17993363636363635 
209.80125021218183 0.17915363636363635 
210.00124480000787 0.17837454545454542 
210.20123938783394 0.17759454545454545 
210.40125365629254 0.17681454545454545 
210.60124824411858 0.17603454545454544 
210.80126251257715 0.17525454545454544 
211.0012571004032 0.17447545454545454 
211.2012516882293 0.17369545454545454 
211.40126595668784 0.1729154545454545 
211.6012605445139 0.17213636363636362 
211.80125513233995 0.1713563636363636 
212.00126940079855 0.1705763636363636 
212.2012639886246 0.1697972727272727 
212.40125857645066 0.1690172727272727 
212.60127284490923 0.16823818181818181 
212.8012674327353 0.1674581818181818 
213.00126202056134 0.16667909090909092 
213.20127628901994 0.1658990909090909 
213.40127087684598 0.16512 
213.60126546467205 0.16433999999999999 
213.80127973313066 0.16356090909090906 
214.0012743209567 0.16278181818181817 
214.20128858941527 0.16200181818181816 
214.4012831772413 0.16122272727272727 
214.60127776506735 0.16044363636363634 
214.80129203352595 0.15966363636363637 
215.00128662135202 0.15888454545454544 
215.20128120917806 0.15810545454545452 
215.40129547763667 0.15732636363636363 
215.6012900654627 0.15654636363636362 
215.80128465328875 0.1557672727272727 
216.00129892174735 0.1549881818181818 
216.20129350957342 0.1542090909090909 
216.40128809739946 0.15342999999999998 
216.60130236585806 0.1526509090909091 
216.8012969536841 0.1518718181818182 
217.00129154151017 0.15109272727272724 
217.20130580996872 0.15031363636363634 
217.4013003977948 0.14953454545454545 
217.6013146662534 0.14875545454545452 
217.80130925407943 0.14797636363636363 
218.00130384190547 0.14719727272727273 
218.20131811036407 0.14641909090909092 
218.4013126981901 0.14564 
218.60130728601618 0.14486090909090907 
218.80132155447478 0.14408181818181817 
219.00131614230082 0.14330363636363636 
219.20131073012686 0.14252454545454543 
219.40132499858547 0.14174545454545454 
219.60131958641153 0.14096727272727272 
219.80131417423758 0.14018818181818182 
220.00132844269618 0.13940999999999998 
220.2013230305222 0.13863090909090908 
220.4013372989808 0.13785272727272727 
220.60133188680683 0.13707363636363634 
220.8013264746329 0.13629545454545453 
221.00134074309148 0.13551636363636363 
221.20133533091754 0.1347381818181818 
221.40132991874358 0.13395999999999997 
221.6013441872022 0.13318181818181815 
221.80133877502823 0.13240272727272726 
222.0013333628543 0.13162454545454544 
222.20134763131287 0.13084636363636362 
222.40134221913894 0.1300681818181818 
222.60133680696498 0.12929 
222.80135107542358 0.12851181818181817 
223.0013456632496 0.12773363636363635 
223.2013402510757 0.12695545454545454 
223.40135451953427 0.12617727272727272 
223.6013491073603 0.1253990909090909 
223.8013633758189 0.12462090909090909 
224.00135796364495 0.12384272727272726 
224.201352551471 0.12306545454545453 
224.4013668199296 0.12228727272727272 
224.60136140775566 0.1215090909090909 
224.8013559955817 0.12073181818181818 
225.0013702640403 0.11995363636363636 
225.20136485186634 0.11917636363636362 
225.4013594396924 0.1183981818181818 
225.601373708151 0.11762090909090908 
225.80136829597706 0.11684272727272726 
226.0013628838031 0.11606545454545454 
226.20137715226167 0.11528818181818182 
226.4013717400877 0.11450999999999999 
226.6013663279138 0.11373272727272726 
226.80138059637235 0.11295545454545454 
227.00137518419842 0.11217818181818182 
227.20138945265703 0.11140090909090908 
227.40138404048307 0.11062363636363635 
227.6013786283091 0.10984636363636362 
227.8013928967677 0.1090690909090909 
228.00138748459375 0.10829181818181818 
228.20138207241982 0.10751454545454545 
228.40139634087842 0.10673818181818182 
228.60139092870446 0.10596090909090908 
228.8013855165305 0.10518363636363635 
229.00139978498908 0.10440727272727272 
229.20139437281517 0.10362999999999999 
229.4013889606412 0.10285363636363636 
229.6014032290998 0.10207636363636362 
229.80139781692583 0.10129999999999999 
230.00139240475187 0.10052363636363636 
230.20140667321047 0.09974727272727273 
230.40140126103654 0.0989709090909091 
230.6014155294951 0.09819363636363636 
230.80141011732118 0.09741727272727273 
231.00140470514722 0.09664181818181818 
231.20141897360583 0.09586545454545455 
231.40141356143187 0.0950890909090909 
231.60140814925794 0.09431272727272727 
231.80142241771654 0.09353636363636363 
232.00141700554258 0.09276090909090909 
232.20141159336862 0.09198454545454544 
232.4014258618272 0.0912090909090909 
232.60142044965323 0.09043363636363635 
232.80141503747933 0.08965727272727272 
233.0014293059379 0.08888181818181817 
233.20142389376394 0.08810636363636364 
233.40141848158999 0.08733090909090908 
233.6014327500486 0.08655545454545455 
233.80142733787466 0.08578 
234.00144160633323 0.08500454545454546 
234.2014361941593 0.08423 
234.40143078198534 0.08345454545454545 
234.60144505044394 0.08267999999999999 
234.80143963826998 0.08190454545454544 
235.00143422609605 0.08113 
235.2014484945546 0.08035545454545454 
235.4014430823807 0.07958 
235.60143767020674 0.07880545454545454 
235.8014519386653 0.07803090909090908 
236.00144652649135 0.07725727272727273 
236.20144111431742 0.07648272727272726 
236.401455382776 0.07570818181818181 
236.60144997060206 0.07493454545454545 
236.8014445584281 0.07415999999999999 
237.0014588268867 0.07338636363636364 
237.20145341471274 0.07261272727272727 
237.40146768317135 0.0718390909090909 
237.60146227099742 0.07106545454545454 
237.80145685882346 0.07029181818181818 
238.00147112728206 0.0695190909090909 
238.2014657151081 0.06874545454545454 
238.40146030293414 0.06797272727272727 
238.6014745713927 0.0671990909090909 
238.80146915921878 0.06642636363636363 
239.00146374704482 0.06565363636363636 
239.20147801550343 0.06488090909090909 
239.40147260332947 0.06410909090909091 
239.60146719115554 0.06333636363636362 
239.8014814596141 0.06256454545454544 
240.00147604744018 0.06179272727272727 
240.20147063526622 0.06102 
240.40148490372482 0.060249090909090905 
240.60147949155086 0.05947727272727272 
240.80149376000946 0.05870545454545453 
241.0014883478355 0.057934545454545454 
241.20148293566157 0.05716363636363636 
241.40149720412015 0.05639272727272727 
241.6014917919462 0.05562181818181818 
241.80148637977223 0.05485090909090909 
242.00150064823083 0.05408090909090909 
242.20149523605687 0.05331090909090909 
242.40148982388294 0.05254090909090908 
242.60150409234154 0.05177090909090908 
242.80149868016758 0.051001818181818176 
243.00149326799362 0.050231818181818176 
243.20150753645223 0.04946272727272727 
243.4015021242783 0.04869363636363636 
243.60151639273687 0.04792545454545454 
243.80151098056294 0.04715727272727273 
244.00150556838898 0.0463890909090909 
244.20151983684755 0.04562090909090909 
244.4015144246736 0.04485363636363636 
244.6015090124997 0.04408636363636364 
244.80152328095824 0.043319090909090904 
245.0015178687843 0.04255181818181818 
245.20151245661035 0.04178545454545454 
245.40152672506895 0.04101909090909091 
245.601521312895 0.04025363636363636 
245.80151590072106 0.03948818181818182 
246.00153016917963 0.03872272727272727 
246.2015247570057 0.037958181818181815 
246.40151934483174 0.03719363636363636 
246.60153361329034 0.03643 
246.80152820111638 0.03566636363636363 
247.00154246957496 0.034902727272727266 
247.20153705740105 0.03414 
247.4015316452271 0.033378181818181814 
247.60154591368567 0.03261636363636363 
247.8015405015117 0.031854545454545455 
248.00153508933775 0.03109454545454545 
248.20154935779635 0.03033363636363636 
248.40154394562242 0.02957454545454545 
248.60153853344846 0.028815454545454547 
248.80155280190706 0.028057272727272726 
249.0015473897331 0.02729909090909091 
249.20154197755917 0.02654181818181818 
249.40155624601775 0.025786363636363635 
249.60155083384382 0.02503090909090909 
249.80154542166986 0.024276363636363634 
250.00155969012846 0.023521818181818182 
250.2015542779545 0.022769090909090905 
250.40156854641307 0.022017272727272726 
250.60156313423911 0.021266363636363635 
250.8015577220652 0.020517272727272724 
251.0015719905238 0.019768181818181817 
251.20156657834983 0.01902181818181818 
251.40156116617587 0.018275454545454543 
251.60157543463447 0.01753090909090909 
251.80157002246054 0.016788181818181817 
252.00156461028658 0.016047272727272726 
252.20157887874518 0.015308181818181816 
252.40157346657122 0.014570909090909091 
252.60156805439726 0.013836363636363634 
252.80158232285586 0.013103636363636362 
253.00157691068193 0.012374545454545454 
253.20157149850797 0.011647272727272727 
253.40158576696658 0.010923636363636363 
253.60158035479262 0.010203636363636363 
253.8015946232512 0.009488181818181817 
254.00158921107723 0.008777272727272727 
254.2015837989033 0.00807090909090909 
254.40159806736187 0.007371818181818181 
254.60159265518794 0.006679090909090909 
254.80158724301398 0.005994545454545454 
255.0016015114726 0.005319090909090909 
255.20159609929863 0.004656363636363636 
255.4015906871247 0.0040072727272727265 
255.6016049555833 0.003375454545454545 
255.80159954340934 0.0027654545454545453 
256.0015941312354 0.0021836363636363637 
256.20160839969395 0.0016381818181818181 
256.40160298752 0.0011418181818181818 
256.6015975753461 0.0007127272727272726 
256.80161184380466 0.0003718181818181818 
257.0016064316307 0.0001436363636363636 
257.20162070008934 3.2727272727272725e-05 
257.4016152879154 2.7272727272727272e-06 
257.6016098757414 0.0 
257.8016241442 0.0 
258.0016187320261 0.0 
258.20161331985213 0.0 
258.4016275883107 0.0 
258.60162217613674 0.0 
258.80161676396284 0.0 
259.00163103242136 0.0 
259.20162562024746 0.0 
259.4016202080735 0.0 
259.60163447653207 0.0 
259.8016290643581 0.0 
