time d2 
0.0 1.0 
0.6000000615019767 0.9976545454545455 
1.2000001230039534 0.9953090909090908 
1.80000018450593 0.9929636363636363 
2.400000246007907 0.9906181818181817 
3.0 0.9882727272727272 
3.600000061501977 0.9859272727272725 
4.19999981549407 0.983581818181818 
4.799999876996047 0.9812363636363637 
5.400000246007907 0.978890909090909 
6.0 0.9765463636363635 
6.599999753992094 0.974200909090909 
7.200000123003954 0.9718554545454544 
7.799999876996046 0.96951 
8.39999963098814 0.9671645454545454 
9.0 0.9648199999999999 
9.599999753992094 0.9624745454545454 
10.200000123003953 0.9601299999999999 
10.800000492015814 0.9577845454545454 
11.400000246007908 0.9554390909090908 
12.0 0.9530936363636363 
12.599999753992092 0.9507490909090909 
13.199999507984188 0.9484036363636363 
13.79999926197628 0.9460590909090908 
14.400000246007908 0.9437136363636363 
15.0 0.9413690909090908 
15.599999753992092 0.9390236363636363 
16.199999507984188 0.9366790909090907 
16.79999926197628 0.9343336363636364 
17.399999015968376 0.9319890909090909 
18.0 0.9296436363636362 
18.599999753992094 0.9272990909090909 
19.199999507984188 0.9249545454545454 
19.800000492015815 0.9226090909090908 
20.400000246007906 0.9202645454545454 
21.0 0.9179199999999998 
21.600000984031627 0.9155745454545453 
22.199999507984188 0.91323 
22.800000492015815 0.9108854545454544 
23.399999015968373 0.908540909090909 
24.0 0.9061954545454545 
24.600000984031627 0.903850909090909 
25.199999507984185 0.9015063636363636 
25.800000492015812 0.8991618181818182 
26.399999015968376 0.8968172727272726 
27.0 0.8944727272727272 
27.59999852395256 0.8921272727272727 
28.199999507984188 0.8897827272727272 
28.800000492015815 0.8874381818181818 
29.399999015968373 0.8850936363636362 
30.0 0.8827499999999999 
30.59999852395256 0.8804054545454545 
31.199999507984185 0.8780609090909091 
31.800000492015812 0.8757163636363636 
32.399999015968376 0.8733718181818182 
33.0 0.8710272727272727 
33.59999852395256 0.8686827272727272 
34.19999950798419 0.8663381818181818 
34.79999803193675 0.8639936363636364 
35.39999901596837 0.8616490909090909 
36.0 0.8593054545454545 
36.599998523952564 0.8569609090909089 
37.19999950798419 0.8546163636363635 
37.799998031936745 0.8522727272727272 
38.399999015968376 0.8499281818181817 
38.99999753992093 0.8475836363636363 
39.60000098403163 0.84524 
40.200001968063255 0.8428954545454546 
40.80000049201581 0.840550909090909 
41.40000147604744 0.8382072727272726 
42.0 0.8358627272727271 
42.599998523952564 0.8335190909090908 
43.200001968063255 0.8311745454545454 
43.80000049201581 0.8288309090909091 
44.399999015968376 0.8264872727272727 
45.00000246007907 0.8241427272727272 
45.60000098403163 0.8217990909090909 
46.19999950798419 0.8194554545454544 
46.799998031936745 0.817110909090909 
47.40000147604744 0.8147672727272727 
48.0 0.8124236363636362 
48.599998523952564 0.8100790909090908 
49.200001968063255 0.8077354545454545 
49.80000049201581 0.8053918181818182 
50.39999901596837 0.8030481818181818 
50.99999753992093 0.8007045454545454 
51.600000984031624 0.7983609090909091 
52.19999950798419 0.7960172727272727 
52.79999803193675 0.7936736363636363 
53.40000147604744 0.79133 
54.0 0.7889863636363635 
54.59999852395256 0.7866427272727272 
55.19999704790512 0.7842990909090908 
55.80000049201581 0.7819554545454545 
56.399999015968376 0.7796118181818181 
56.99999753992094 0.7772681818181817 
57.60000098403163 0.7749245454545454 
58.19999950798418 0.7725818181818181 
58.799998031936745 0.7702381818181817 
59.400001476047436 0.7678945454545454 
60.0 0.7655509090909091 
60.599998523952564 0.7632081818181817 
61.19999704790512 0.7608645454545454 
61.80000049201582 0.7585209090909091 
62.39999901596837 0.7561781818181817 
62.99999753992093 0.7538345454545454 
63.600000984031624 0.7514918181818181 
64.19999950798419 0.7491481818181818 
64.79999803193675 0.7468054545454546 
65.39999655588932 0.7444627272727272 
66.0 0.7421190909090909 
66.59999852395256 0.7397763636363636 
67.19999704790511 0.7374327272727272 
67.80000049201581 0.7350899999999999 
68.39999901596838 0.7327472727272727 
68.99999753992094 0.7304045454545454 
69.5999960638735 0.728060909090909 
70.19999950798419 0.7257181818181818 
70.79999803193674 0.7233754545454545 
71.3999965558893 0.7210327272727272 
72.0 0.7186899999999999 
72.59999852395256 0.7163472727272726 
73.19999704790513 0.7140045454545454 
73.79999557185768 0.7116618181818181 
74.39999901596838 0.7093190909090908 
74.99999753992093 0.7069763636363635 
75.59999606387349 0.7046345454545454 
76.19999950798419 0.7022918181818182 
76.79999803193675 0.6999490909090909 
77.39999655588932 0.6976063636363636 
77.99999507984187 0.6952645454545454 
78.59999852395256 0.6929218181818181 
79.20000196806326 0.6905790909090909 
79.80000541217395 0.6882372727272726 
80.40000885628464 0.6858945454545454 
81.00001722055347 0.6835527272727272 
81.60002066466417 0.6812099999999999 
82.20002410877485 0.6788681818181818 
82.80003247304369 0.6765254545454545 
83.40003591715438 0.6741836363636363 
84.00003936126507 0.6718418181818181 
84.60004280537576 0.6694990909090909 
85.20004624948646 0.6671572727272727 
85.80004969359715 0.6648154545454544 
86.40005313770784 0.6624736363636363 
87.00006642213481 0.6601318181818182 
87.6000698662455 0.65779 
88.2000733103562 0.6554481818181818 
88.80007675446689 0.6531054545454545 
89.40008019857758 0.6507645454545453 
90.00008364268828 0.6484227272727272 
90.60008708679896 0.6460809090909091 
91.20009053090966 0.6437390909090909 
91.80010381533663 0.6413972727272726 
92.40010725944732 0.6390554545454544 
93.00011070355802 0.6367145454545453 
93.6001141476687 0.6343727272727273 
94.2001175917794 0.6320309090909091 
94.80012103589009 0.62969 
95.40012448000078 0.6273481818181817 
96.00012792411148 0.6250072727272726 
96.60014120853845 0.6226654545454545 
97.20014465264914 0.6203245454545454 
97.80014809675983 0.6179827272727272 
98.40015154087052 0.6156418181818181 
99.00015498498122 0.6133009090909091 
99.6001584290919 0.61096 
100.2001618732026 0.6086181818181817 
100.8001653173133 0.6062772727272726 
101.40016876142398 0.6039363636363636 
102.00018204585096 0.6015954545454545 
102.60018548996165 0.5992545454545454 
103.20018893407234 0.5969136363636363 
103.80019237818303 0.5945736363636364 
104.40019582229372 0.5922327272727272 
105.00019926640442 0.5898918181818181 
105.6002027105151 0.5875509090909091 
106.20020615462582 0.58521 
106.80021943905277 0.5828699999999999 
107.40022288316347 0.5805290909090909 
108.00022632727416 0.5781890909090909 
108.60022977138485 0.5758481818181818 
109.20023321549554 0.5735081818181818 
109.80023665960624 0.5711672727272726 
110.40024010371692 0.5688272727272726 
111.00024354782764 0.5664872727272727 
111.60025683225459 0.5641472727272726 
112.20026027636528 0.5618072727272727 
112.80026372047597 0.5594663636363636 
113.40026716458667 0.5571263636363636 
114.00027060869736 0.5547863636363636 
114.60027405280805 0.5524463636363636 
115.20027749691876 0.5501072727272728 
115.80028094102946 0.5477672727272727 
116.4002942254564 0.5454272727272726 
117.0002976695671 0.5430872727272728 
117.60030111367779 0.5407481818181817 
118.20030455778848 0.5384081818181818 
118.80030800189918 0.5360690909090908 
119.40031144600987 0.5337290909090909 
120.00031489012058 0.5313899999999999 
120.60031833423128 0.5290499999999999 
121.20032177834196 0.526710909090909 
121.80033506276892 0.5243718181818181 
122.4003385068796 0.5220327272727272 
123.0003419509903 0.5196936363636363 
123.60034539510099 0.5173545454545454 
124.2003488392117 0.5150154545454545 
124.8003522833224 0.5126763636363636 
125.4003557274331 0.5103372727272727 
126.00035917154378 0.5079990909090909 
126.60037245597073 0.50566 
127.20037590008143 0.503320909090909 
127.80037934419212 0.5009827272727273 
128.40038278830284 0.49864363636363634 
129.00038623241352 0.4963054545454545 
129.6003896765242 0.49396727272727264 
130.2003931206349 0.4916281818181818 
130.8003965647456 0.48928999999999995 
131.40040984917255 0.48695181818181815 
132.00041329328323 0.4846136363636363 
132.60041673739394 0.48227545454545445 
133.20042018150465 0.4799372727272727 
133.80042362561534 0.47759909090909086 
134.40042706972602 0.4752618181818182 
135.00043051383673 0.4729236363636363 
135.60043395794742 0.4705854545454545 
136.2004374020581 0.4682481818181818 
136.80045068648505 0.46591090909090904 
137.40045413059576 0.46357272727272725 
138.00045757470647 0.4612354545454545 
138.60046101881716 0.4588981818181818 
139.20046446292784 0.4565609090909091 
139.80046790703855 0.45422363636363633 
140.40047135114924 0.4518863636363636 
141.00047479525992 0.4495490909090909 
141.60048807968687 0.44721181818181815 
142.20049152379758 0.4448745454545454 
142.80049496790826 0.4425381818181818 
143.40049841201898 0.4402009090909091 
144.00050185612966 0.4378645454545454 
144.60050530024034 0.43552818181818176 
145.20050874435105 0.43319090909090907 
145.80051218846174 0.4308545454545454 
146.40052547288872 0.4285181818181818 
147.0005289169994 0.42618181818181816 
147.60053236111008 0.42384545454545447 
148.2005358052208 0.42150999999999994 
148.80053924933148 0.4191736363636363 
149.40054269344216 0.4168381818181818 
150.00054613755287 0.4145018181818182 
150.60054958166356 0.4121663636363636 
151.20056286609054 0.409830909090909 
151.80056631020122 0.4074945454545454 
152.4005697543119 0.40515909090909086 
153.00057319842261 0.40282363636363633 
153.6005766425333 0.40048909090909085 
154.20058008664398 0.3981536363636363 
154.8005835307547 0.3958181818181818 
155.40058697486538 0.3934836363636363 
156.00059041897606 0.39114909090909084 
156.60060370340304 0.3888136363636363 
157.20060714751372 0.3864790909090909 
157.80060075130817 0.38414454545454546 
158.40060419541882 0.38181 
159.00060763952953 0.3794754545454545 
159.60061108364022 0.37714181818181813 
160.20061452775093 0.3748072727272727 
160.80062781217788 0.37247363636363634 
161.4006312562886 0.37013909090909086 
162.00063470039927 0.3678054545454545 
162.60063814451 0.3654718181818182 
163.20064158862064 0.36313818181818175 
163.80064503273135 0.36080545454545454 
164.40064847684204 0.3584718181818181 
165.00065192095275 0.3561381818181818 
165.60065536506343 0.3538054545454545 
166.20065880917414 0.35147272727272727 
166.80066225328486 0.34913909090909084 
167.4006656973955 0.3468072727272727 
168.00066914150622 0.3444745454545454 
168.60069226624947 0.34214181818181816 
169.20069571036012 0.33980999999999995 
169.80069915447083 0.33747727272727274 
170.40070259858152 0.3351454545454545 
171.00070604269223 0.33281363636363637 
171.6007094868029 0.33048181818181815 
172.20071293091362 0.32814999999999994 
172.80071637502428 0.3258190909090909 
173.400719819135 0.3234872727272727 
174.00072326324567 0.3211563636363636 
174.6007267073564 0.3188254545454545 
175.20073015146704 0.3164945454545454 
175.80073359557775 0.3141636363636363 
176.40073703968847 0.31183363636363637 
177.00074048379915 0.30950272727272726 
177.60074392790986 0.30717272727272726 
178.20076705265308 0.3048427272727272 
178.80077049676376 0.30251272727272727 
179.40077394087447 0.3001836363636363 
180.00077738498516 0.2978536363636364 
180.60078082909587 0.29552454545454543 
181.20078427320652 0.29319545454545454 
181.80078771731723 0.2908663636363636 
182.40079116142792 0.2885372727272727 
183.00079460553863 0.28620909090909086 
183.6007980496493 0.28387999999999997 
184.20080149376003 0.2815518181818182 
184.80080493787074 0.27922454545454545 
185.4008083819814 0.27689636363636366 
186.0008118260921 0.27456909090909093 
186.6008152702028 0.27224090909090903 
187.2008187143135 0.2699136363636363 
187.80082215842418 0.26758727272727273 
188.4008452831674 0.26526 
189.0008487272781 0.26293363636363637 
189.6008521713888 0.2606072727272727 
190.2008556154995 0.25828090909090906 
190.80085905961016 0.25595545454545454 
191.40086250372087 0.25362999999999997 
192.00086594783156 0.25130454545454545 
192.60086939194227 0.24897909090909087 
193.20087283605295 0.24665454545454543 
193.80087628016364 0.24432999999999996 
194.40087972427435 0.24200545454545452 
195.00088316838503 0.23968090909090908 
195.60088661249574 0.23735727272727272 
196.20089005660643 0.23503363636363636 
196.80089350071714 0.23271090909090905 
197.4008969448278 0.2303872727272727 
198.00092006957104 0.22806454545454544 
198.60092351368175 0.22574272727272726 
199.2009269577924 0.22341999999999998 
199.80093040190312 0.2210981818181818 
200.4009338460138 0.2187772727272727 
201.0009372901245 0.2164563636363636 
201.6009407342352 0.21413545454545455 
202.2009441783459 0.21181454545454545 
202.80094762245662 0.20949454545454543 
203.40095106656727 0.20717454545454544 
204.00095451067799 0.20485545454545454 
204.60095795478867 0.2025363636363636 
205.20096139889938 0.20021727272727272 
205.80096484301006 0.19789909090909089 
206.40096828712075 0.19558090909090908 
207.00097173123143 0.19326363636363636 
207.60097517534214 0.19094636363636364 
208.2009983000854 0.18863 
208.80100174419604 0.18631363636363635 
209.40100518830675 0.1839981818181818 
210.00100863241744 0.18168272727272725 
210.60101207652815 0.1793672727272727 
211.20101552063883 0.17705363636363633 
211.80101896474952 0.1747390909090909 
212.40102240886023 0.17242545454545452 
213.0010258529709 0.17011272727272728 
213.60102929708162 0.16780090909090908 
214.2010327411923 0.1654890909090909 
214.80103618530302 0.1631772727272727 
215.40103962941367 0.1608663636363636 
216.0010430735244 0.15855636363636363 
216.60104651763507 0.1562472727272727 
217.20104996174578 0.1539381818181818 
217.801073086489 0.15163 
218.40107653059968 0.14932181818181817 
219.0010799747104 0.14701545454545453 
219.60108341882108 0.1447090909090909 
220.2010868629318 0.14240363636363634 
220.8010903070425 0.14009818181818182 
221.40109375115316 0.13779454545454542 
222.00109719526387 0.13549090909090908 
222.60110063937455 0.1331890909090909 
223.20110408348526 0.1308872727272727 
223.80110752759595 0.1285863636363636 
224.40111097170666 0.12628636363636364 
225.0011144158173 0.12398818181818182 
225.60111785992802 0.12168999999999999 
226.2011213040387 0.11939272727272726 
226.80112474814942 0.11709727272727272 
227.40112819226007 0.11480272727272726 
228.00115131700332 0.11250909090909089 
228.60115476111403 0.11021636363636363 
229.20115820522474 0.10792454545454545 
229.80116164933543 0.10563454545454544 
230.4011650934461 0.10334636363636363 
231.0011685375568 0.1010590909090909 
231.6011719816675 0.09877272727272726 
232.2011754257782 0.0964881818181818 
232.8011788698889 0.09420545454545454 
233.40118231399956 0.09192454545454544 
234.00118575811027 0.08964454545454545 
234.60118920222095 0.08736727272727271 
235.20119264633166 0.08509090909090909 
235.80119609044235 0.08281727272727273 
236.40119953455306 0.08054545454545453 
237.00120297866377 0.07827545454545454 
237.60122610340696 0.07600818181818181 
238.20122954751767 0.07374363636363636 
238.80123299162838 0.0714809090909091 
239.40123643573904 0.06922090909090908 
240.00123987984975 0.06696454545454546 
240.60124332396043 0.06471090909090908 
241.20124676807114 0.06246090909090909 
241.80125021218183 0.06021363636363636 
242.40125365629254 0.057970909090909094 
243.0012571004032 0.055731818181818174 
243.6012605445139 0.053496363636363634 
244.2012639886246 0.05126636363636363 
244.8012674327353 0.049040909090909086 
245.40127087684598 0.04682181818181818 
246.00127432095667 0.044607272727272725 
246.60127776506738 0.0424 
247.20128120917806 0.0402 
247.8013043339213 0.03800727272727272 
248.401307778032 0.03582272727272727 
249.00131122214268 0.03364818181818181 
249.6013146662534 0.031483636363636366 
250.20131811036407 0.02933181818181818 
250.80132155447478 0.027191818181818178 
251.40132499858544 0.025068181818181816 
252.00132844269615 0.02296090909090909 
252.60133188680683 0.02087363636363636 
253.20133533091754 0.01881 
253.80133877502823 0.016772727272727272 
254.40134221913894 0.014768181818181816 
255.00134566324965 0.012802727272727271 
255.6013491073603 0.010884545454545452 
256.201352551471 0.009026363636363636 
256.8013559955817 0.007244545454545454 
257.4013791203249 0.00556 
258.00138256443563 0.0040072727272727265 
258.60138600854634 0.00263 
259.201389452657 0.0014918181818181818 
259.8013928967677 0.0006645454545454544 
